timestamp,nanoTime,type,x,y,z,w,label
1761845838702,8044045411529,ACC,-1.2080638750487538,8.140932830856613,4.635984787656345,0.0,7.0
1761845838702,8044045411529,GYRO,-0.0071654637500001,0.3347203548194875,0.0259598099836202,0.0,7.0
1761845838702,8044045411529,ROT_VEC,0.1732448715802294,-0.4690062342416986,0.7193266929181024,0.3003811121329819,7.0
1761845838702,8044045411529,MAG,13.18174234137302,-37.474977076899776,-3.396558613783662,0.0,7.0
1761845838722,8044065776410,ROT_VEC,0.0365807690315746,-0.4856595773311055,-0.5584430641309013,0.9841638264980296,7.0
1761845838722,8044065776410,MAG,30.83099721420576,-29.64997325322362,6.216772855446501,0.0,7.0
1761845838722,8044065776410,GYRO,0.0728797784397384,0.0517744303795039,0.0355123523122936,0.0,7.0
1761845838722,8044065776410,ACC,-0.7092483915233404,8.82822085778513,5.36641026278031,0.0,7.0
1761845838743,8044086141290,ROT_VEC,0.2370705286426815,-0.1040251123091293,0.0822490986669278,0.3390318447320211,7.0
1761845838743,8044086141290,ACC,0.3240495146734315,8.174316674111306,5.406387175480347,0.0,7.0
1761845838743,8044086141290,GYRO,-0.0308384606327215,0.1788734057495254,0.0188675586635007,0.0,7.0
1761845838743,8044086141290,MAG,-1.0765006746315902,-18.222726450195484,-4.4456926451183305,0.0,7.0
1761845838763,8044106506171,GYRO,0.0015028967584837,-0.1959077346273026,-0.0038933774159351,0.0,7.0
1761845838763,8044106506171,MAG,5.46678514852462,-34.80133144867854,-11.280239241860755,0.0,7.0
1761845838763,8044106506171,ROT_VEC,0.1611260147744839,0.5318197810427345,-0.4248527947383488,0.5143067382748365,7.0
1761845838763,8044106506171,ACC,-0.2625410865484932,8.427367038261316,6.7490494257493046,0.0,7.0
1761845838784,8044126871052,GYRO,0.0162619007765682,-0.0682185904932647,0.0238547565932771,0.0,7.0
1761845838784,8044126871052,MAG,-2.267852020501854,-55.02563496283167,-17.90646771932176,0.0,7.0
1761845838784,8044126871052,ROT_VEC,0.180786991961842,-0.2234471574270962,0.0409718150849017,0.3945820053937982,7.0
1761845838784,8044126871052,ACC,-0.9352260307479447,7.90823045560052,5.224103864867767,0.0,7.0
1761845838804,8044147235933,ACC,-1.3656493607466968,5.532789074549363,4.622020512054937,0.0,7.0
1761845838804,8044147235933,MAG,20.22495749286362,-49.86208322700159,-14.30476756262456,0.0,7.0
1761845838804,8044147235933,ROT_VEC,0.1896626634721877,0.4417987128052151,0.1055261001913643,0.340367549986856,7.0
1761845838804,8044147235933,GYRO,0.031217387591689,0.1124857899631444,-0.0043428301311544,0.0,7.0
1761845838824,8044167600813,ROT_VEC,0.3648049281811117,0.1618099623941898,-0.0817394640344752,0.3804078076981792,7.0
1761845838824,8044167600813,GYRO,0.0154443689519018,-0.032192806943844,-0.0013179822125618,0.0,7.0
1761845838824,8044167600813,ACC,-1.4305586459768436,5.254059396593794,3.2818459076646604,0.0,7.0
1761845838824,8044167600813,MAG,7.1122069486131565,-20.10999027802805,-8.181622081134359,0.0,7.0
1761845838845,8044187965694,MAG,17.93254171325106,-38.62129962747545,-5.419014668511219,0.0,7.0
1761845838845,8044187965694,GYRO,0.0238085631419071,0.1492281060632971,-0.0194814559249726,0.0,7.0
1761845838845,8044187965694,ROT_VEC,0.2318941868071114,0.0457114878792762,0.4590273271470955,0.7247631748857883,7.0
1761845838845,8044187965694,ACC,-0.3672003565107831,6.980150838549619,7.412612766700786,0.0,7.0
1761845838865,8044208330575,ACC,-0.8538624545934793,7.911175820468962,4.275124994475405,0.0,7.0
1761845838865,8044208330575,GYRO,-0.0078075618169074,-0.1991641685123593,0.0175025196222302,0.0,7.0
1761845838865,8044208330575,MAG,41.54970345863859,-33.85763328046231,-16.553131698499605,0.0,7.0
1761845838865,8044208330575,ROT_VEC,0.3173873837048472,-0.3659264554768653,0.4469272174888197,0.5508083794284262,7.0
1761845838885,8044228695456,ROT_VEC,0.293298274677776,0.2325885061456948,-0.0383678170755858,0.6853723833644514,7.0
1761845838885,8044228695456,ACC,0.1799298866376068,6.532223625671904,4.628317641387555,0.0,7.0
1761845838885,8044228695456,MAG,25.23326032962868,-53.67355567293331,-24.28229212799651,0.0,7.0
1761845838885,8044228695456,GYRO,0.1019572755456096,0.0558937813486959,0.0283634585114518,0.0,7.0
1761845838906,8044249060336,ROT_VEC,0.275177313934941,0.3001828123226863,0.2505016091408089,0.6417123275649811,7.0
1761845838906,8044249060336,ACC,0.3925310774473636,3.7929473263339113,5.265531719663282,0.0,7.0
1761845838906,8044249060336,GYRO,0.0280620100473327,0.0465723706894069,0.0086279352133443,0.0,7.0
1761845838906,8044249060336,MAG,16.95342451682231,-25.45470016464872,-16.94993503964038,0.0,7.0
1761845838926,8044269425217,ROT_VEC,0.2152880779996942,0.6209825153435821,0.536582133986629,0.3476757438756886,7.0
1761845838926,8044269425217,GYRO,-0.0002246684019039,-0.0734553603355745,0.0124793586060448,0.0,7.0
1761845838926,8044269425217,ACC,-1.6497867457456914,10.22962446615621,6.814104382307731,0.0,7.0
1761845838926,8044269425217,MAG,29.599916692604204,-30.75157677990548,-13.757546412131587,0.0,7.0
1761845838946,8044289790098,ROT_VEC,0.2266178234419408,0.0948725605442579,-0.7381133346798547,0.7395365768151776,7.0
1761845838946,8044289790098,ACC,0.1105155608366849,10.090944960042762,4.823760427501037,0.0,7.0
1761845838946,8044289790098,GYRO,-0.0647698527370651,-0.1147130267593459,0.0115054528739835,0.0,7.0
1761845838946,8044289790098,MAG,-7.095376463092548,-41.52581450151101,-18.039892718899853,0.0,7.0
1761845838967,8044310154979,GYRO,0.0374245308857836,0.056107345321793,0.0007782222116832,0.0,7.0
1761845838967,8044310154979,ACC,-1.3692454589620329,6.6223458216411615,4.2135658347975,0.0,7.0
1761845838967,8044310154979,MAG,12.638258052330828,-47.39573636365542,-15.361653974918587,0.0,7.0
1761845838967,8044310154979,ROT_VEC,0.3629197649158116,0.0337149345633845,-0.6574409519483013,0.3988170921352956,7.0
1761845838987,8044330519860,ACC,-1.3989796815171978,4.963400532503162,4.594288365715142,0.0,7.0
1761845838987,8044330519860,GYRO,0.0955880885285229,-0.0108868981749626,-0.0053004916967878,0.0,7.0
1761845838987,8044330519860,MAG,40.61107488985101,-35.01234559940595,-13.478140288323758,0.0,7.0
1761845838987,8044330519860,ROT_VEC,0.1516528324823928,0.4162387929829904,-0.3003025702794435,0.3243831692895715,7.0
1761845839008,8044350884740,ACC,-0.1205821467083089,4.3513901503797685,4.408720990513184,0.0,7.0
1761845839008,8044350884740,MAG,11.735162503968777,-25.13740707616622,-21.687967686268877,0.0,7.0
1761845839008,8044350884740,ROT_VEC,0.4220349378466477,-0.4802036481738989,0.038148264068557,0.32822374322137,7.0
1761845839008,8044350884740,GYRO,0.0213309153557125,0.0731804314753757,0.0156867516195326,0.0,7.0
1761845839028,8044371249621,MAG,0.7344725278214259,-12.426111075338351,-23.92710491280025,0.0,7.0
1761845839028,8044371249621,ACC,0.0606018197788992,7.835160241209067,4.814221788345274,0.0,7.0
1761845839028,8044371249621,GYRO,-0.0926968834065513,-0.1109772987878989,-0.0017889862501806,0.0,7.0
1761845839028,8044371249621,ROT_VEC,0.3703694264543687,-0.1016073705749532,-0.7139961645327613,0.2964928915819789,7.0
1761845839048,8044391614502,MAG,2.4652293494739643,-27.01748534309743,13.698264410694742,0.0,7.0
1761845839048,8044391614502,ROT_VEC,0.0854006532275751,0.5161269066965616,-0.2996073679439997,0.1291216041603288,7.0
1761845839048,8044391614502,ACC,-2.325871273473484,9.713863620796117,3.852222288334588,0.0,7.0
1761845839048,8044391614502,GYRO,0.0588621184320414,0.0299720191747833,0.0034245746017344,0.0,7.0
1761845839069,8044411979383,MAG,9.750357552253517,-29.72927160729351,-15.301509296297535,0.0,7.0
1761845839069,8044411979383,ACC,-1.261705336370319,10.06573287666393,3.5421043189110506,0.0,7.0
1761845839069,8044411979383,GYRO,-0.0170796489479855,-0.0309111933398441,0.0163336575344888,0.0,7.0
1761845839069,8044411979383,ROT_VEC,0.2312225694549629,0.5606158183481512,-0.3621010078757635,0.1882250750545586,7.0
1761845839089,8044432344263,ROT_VEC,0.2626060378271549,0.1327656397899232,0.0494928106586732,0.2865524247754977,7.0
1761845839089,8044432344263,ACC,-0.2284424916489371,7.923797275650849,3.3328501651044737,0.0,7.0
1761845839089,8044432344263,MAG,6.038923489713762,-25.470483731257403,-14.564996212927554,0.0,7.0
1761845839089,8044432344263,GYRO,0.0504659722773659,0.1430656192737585,0.0122320622567599,0.0,7.0
1761845839109,8044452709144,MAG,-9.103684269515892,-23.79232020506929,-5.222038157332105,0.0,7.0
1761845839109,8044452709144,ACC,-1.721759929828606,9.41141676153799,4.876956556188203,0.0,7.0
1761845839109,8044452709144,ROT_VEC,0.1998466316559971,0.5389292978218299,-0.2583591491193104,0.1115845628720947,7.0
1761845839109,8044452709144,GYRO,-0.0411800149735362,-0.0802559172213468,0.0150891050046458,0.0,7.0
1761845839130,8044473074025,GYRO,-0.0509859628895369,-0.0693265720468013,0.0305418462934788,0.0,7.0
1761845839130,8044473074025,ACC,-1.3503800021383034,8.89025000583082,6.293374378019279,0.0,7.0
1761845839130,8044473074025,ROT_VEC,0.2024362903447759,0.2001227494679815,-0.4369045342677972,0.6046076811868684,7.0
1761845839130,8044473074025,MAG,12.352923795996295,-22.390352208033608,-4.256085943921992,0.0,7.0
1761845839150,8044493438906,MAG,4.896939990867371,-22.927839727563928,-16.553209708150973,0.0,7.0
1761845839150,8044493438906,ACC,-0.3327120409926638,9.48655913210359,3.333975556132066,0.0,7.0
1761845839150,8044493438906,GYRO,0.0461949156987827,-0.1653715145027826,0.047228687865251,0.0,7.0
1761845839150,8044493438906,ROT_VEC,0.2768197730053748,0.2466486108040277,0.3883775538343907,0.3288889242015423,7.0
1761845839170,8044513803786,GYRO,-0.000944999570805,-0.1231909452420476,-0.0117610958841163,0.0,7.0
1761845839170,8044513803786,MAG,-7.813047197397259,-31.61257758339343,-14.539519133770732,0.0,7.0
1761845839170,8044513803786,ROT_VEC,0.1761608095031132,0.0733401780122916,-0.657999540654642,0.585219168719999,7.0
1761845839170,8044513803786,ACC,-1.5232118151367644,6.17025285637318,4.843721005418838,0.0,7.0
1761845839191,8044534168667,ROT_VEC,0.1791403833571012,-0.4722949597148473,0.2058384725386238,0.4795057659219531,7.0
1761845839191,8044534168667,GYRO,0.0183300225503405,0.035825104134304,-0.0309826783272636,0.0,7.0
1761845839191,8044534168667,MAG,16.30955004498508,-7.787947774156556,-7.3428217168043695,0.0,7.0
1761845839191,8044534168667,ACC,-1.7245645283098852,6.512030610335836,4.545858678245069,0.0,7.0
1761845839211,8044554533548,ROT_VEC,0.3260578964334465,-0.0981595529813513,-0.7069773045202699,0.1549088367523492,7.0
1761845839211,8044554533548,GYRO,0.0699424775455568,0.0030745007710204,0.0173560637043781,0.0,7.0
1761845839211,8044554533548,MAG,13.070494034323286,-42.90749683814758,-10.73105462898592,0.0,7.0
1761845839211,8044554533548,ACC,-1.3862103745088012,8.825707781804704,4.220759139744943,0.0,7.0
1761845839232,8044574898429,ROT_VEC,0.1493594657019454,-0.3441063799304822,-0.2375673582461439,0.4504530319425684,7.0
1761845839232,8044574898429,ACC,-0.9736063937256187,8.681074528805492,4.532201891020379,0.0,7.0
1761845839232,8044574898429,MAG,6.240279773139022,7.400359060100602,-8.870947223867539,0.0,7.0
1761845839232,8044574898429,GYRO,-0.0396502846638085,-0.151911529992238,-0.0070476437781664,0.0,7.0
1761845839252,8044595263310,GYRO,-0.0383550872490743,-0.062789487609186,-0.0149140320592957,0.0,7.0
1761845839252,8044595263310,ACC,-1.8364531130753752,7.184110462019211,3.844227895915832,0.0,7.0
1761845839252,8044595263310,ROT_VEC,0.221151840501809,-0.2581568653041974,0.1651710232840158,0.5297012622541868,7.0
1761845839252,8044595263310,MAG,31.04412106433617,-8.190951159607792,0.0498927700147633,0.0,7.0
1761845839272,8044615628190,MAG,31.051723813748342,-43.9589850526003,-0.5988356627677306,0.0,7.0
1761845839272,8044615628190,GYRO,-0.0229240398465099,0.1499386886822811,-0.0094923906181857,0.0,7.0
1761845839272,8044615628190,ROT_VEC,0.1731626246396686,-0.5377274199694148,0.8714615765561331,0.3315451812756216,7.0
1761845839272,8044615628190,ACC,-2.284284977877104,7.97568580327758,6.552271602904422,0.0,7.0
1761845839293,8044635993071,ROT_VEC,0.2674886750804737,-0.2014757059082552,0.0618194966868687,0.5520778117743211,7.0
1761845839293,8044635993071,ACC,-0.6440869059772467,7.95958779392886,5.668828296410482,0.0,7.0
1761845839293,8044635993071,MAG,31.580926784333982,-32.26510216786153,-28.61270515523032,0.0,7.0
1761845839293,8044635993071,GYRO,0.0114994154522728,0.2828714516842203,0.0204919026058711,0.0,7.0
1761845839313,8044656357952,ACC,-0.9105439728370124,8.632770774638482,3.155674754683393,0.0,7.0
1761845839313,8044656357952,GYRO,0.0726749334254579,-0.192420417741476,-0.0005120957526569,0.0,7.0
1761845839313,8044656357952,ROT_VEC,0.1989312456759533,-0.4054151687867438,-0.366417594341745,0.7753074632413679,7.0
1761845839313,8044656357952,MAG,8.377833981613636,-41.60245779762951,-7.866801343656589,0.0,7.0
1761845839333,8044676722833,ACC,-0.6106039433106842,7.56474242236264,6.235283321666965,0.0,7.0
1761845839333,8044676722833,MAG,-4.582499171944352,-6.817114383233529,-13.628727707882646,0.0,7.0
1761845839333,8044676722833,ROT_VEC,0.1812653996039844,0.0218104973589984,-0.5277938987404536,0.686662270986399,7.0
1761845839333,8044676722833,GYRO,-0.1067383146357405,0.007788213899377,0.0029298887149715,0.0,7.0
1761845839354,8044697087713,ROT_VEC,0.2179601411508406,-0.4716030131520522,0.5594346554021403,0.4282516066534899,7.0
1761845839354,8044697087713,MAG,37.92791061391249,-28.16232025108935,-16.95311261711918,0.0,7.0
1761845839354,8044697087713,GYRO,-0.0153275798173968,-0.2453701272669318,-0.0119276134825859,0.0,7.0
1761845839354,8044697087713,ACC,-0.4483249387335957,8.11945096612421,4.703602445941227,0.0,7.0
1761845839374,8044717452594,MAG,2.547724982766445,-16.368217418583768,-18.00620305556253,0.0,7.0
1761845839374,8044717452594,ROT_VEC,0.2266464738901474,0.289990080970001,0.8500045827086905,0.2708551743715576,7.0
1761845839374,8044717452594,ACC,-0.4265387524810214,8.178926260702394,6.561359715802637,0.0,7.0
1761845839374,8044717452594,GYRO,-0.0555448893194849,0.0793871229914418,-0.0396758065095369,0.0,7.0
1761845839394,8044737817475,MAG,2.799671872650752,-42.28199680631295,-0.7794901556465372,0.0,7.0
1761845839394,8044737817475,ACC,-1.7870209395332082,6.604913866205634,4.846687750674563,0.0,7.0
1761845839394,8044737817475,ROT_VEC,0.1505445803674218,0.1144999479339632,-0.5579838829678183,0.5295304080024604,7.0
1761845839394,8044737817475,GYRO,-0.0194877108196043,-0.052319038718465,0.0256017340855264,0.0,7.0
1761845839415,8044758182356,MAG,2.5691006038315,-24.219520615998235,-14.331609679597488,0.0,7.0
1761845839415,8044758182356,GYRO,0.0133946497134711,-0.1820990653267006,0.0382513421149845,0.0,7.0
1761845839415,8044758182356,ROT_VEC,0.2213665784283872,0.0278787716585928,1.2902512975333469,0.2729527781861809,7.0
1761845839415,8044758182356,ACC,-1.3939545353179028,7.04047643658034,5.875058665013963,0.0,7.0
1761845839435,8044778547237,MAG,8.04291057462761,-45.88353933539677,-15.11704337964245,0.0,7.0
1761845839435,8044778547237,ROT_VEC,0.2296036992325742,-0.3553104541683705,0.0641193984814421,0.6936062857865941,7.0
1761845839435,8044778547237,GYRO,-0.0960100478882032,-0.0295921219921481,0.0465026369374298,0.0,7.0
1761845839435,8044778547237,ACC,-0.4918606058236937,6.380921286376227,7.306501635361017,0.0,7.0
1761845839456,8044798912117,GYRO,-0.0510808145211453,-0.0269215301395332,-0.0032638274254115,0.0,7.0
1761845839456,8044798912117,MAG,10.293535515062157,-29.62419146901925,-14.978275556136609,0.0,7.0
1761845839456,8044798912117,ACC,-0.4399556641734292,8.390441640129154,5.631614096721348,0.0,7.0
1761845839456,8044798912117,ROT_VEC,0.1862275617731661,-0.0674139512193832,-0.1927920080237313,0.6327575996544113,7.0
1761845839476,8044819276998,GYRO,0.0387587292842342,0.0554696285389287,0.0155289275833693,0.0,7.0
1761845839476,8044819276998,MAG,7.602308506352713,-51.74770685861351,-12.044248935782054,0.0,7.0
1761845839476,8044819276998,ROT_VEC,0.3939399470513396,0.2458625114035126,-0.1831623959925047,0.2734923698283967,7.0
1761845839476,8044819276998,ACC,-1.4565013924254642,9.55733774701134,4.2514007811569625,0.0,7.0
1761845839496,8044839641879,ACC,0.0083499563499856,8.232773542598034,6.773357940496827,0.0,7.0
1761845839496,8044839641879,ROT_VEC,0.1624718986851796,-0.1286569696135343,0.1673400428132639,0.3298868045047625,7.0
1761845839496,8044839641879,GYRO,0.042332046683309,0.045017217606541,-0.0162787988761993,0.0,7.0
1761845839496,8044839641879,MAG,6.553146204029361,-16.003276392444725,-6.340305980911316,0.0,7.0
1761845839517,8044860006760,MAG,8.246088010449096,-27.792888092578718,-1.1790308422566174,0.0,7.0
1761845839517,8044860006760,GYRO,0.0268014320016012,0.1194593341694747,0.001220339424368,0.0,7.0
1761845839517,8044860006760,ACC,-1.550433830503004,7.903793053028401,6.22725726757957,0.0,7.0
1761845839517,8044860006760,ROT_VEC,0.4057172310285769,0.1320696200073737,-0.1604116008613456,0.8066610078710581,7.0
1761845839537,8044880371640,ACC,-0.3799776757868695,8.918521979957188,7.055712755238805,0.0,7.0
1761845839537,8044880371640,ROT_VEC,0.3032878295940813,0.3029965946014131,0.1095583790461558,0.3141541548956055,7.0
1761845839537,8044880371640,GYRO,-0.0413493890092822,-0.3221593209679174,0.0416544169668933,0.0,7.0
1761845839537,8044880371640,MAG,8.72498468062907,-35.7935597346229,2.907595774087122,0.0,7.0
1761845839557,8044900736521,GYRO,-0.0083999220746201,0.0090224259298227,-0.0186045765816396,0.0,7.0
1761845839557,8044900736521,ACC,-0.1239518860800384,10.020268105875624,5.016257511609878,0.0,7.0
1761845839557,8044900736521,MAG,11.365318836268283,-30.88687346602387,-30.138139426812632,0.0,7.0
1761845839557,8044900736521,ROT_VEC,0.3562775531867624,0.0169354870501672,-0.4845457749663918,0.7710431077311994,7.0
1761845839578,8044921101402,MAG,38.63597777100328,-37.1620286100093,-5.539358065740915,0.0,7.0
1761845839578,8044921101402,ROT_VEC,0.1983369630637887,-0.0854926184472549,-0.7769980791882779,0.4580000707550041,7.0
1761845839578,8044921101402,ACC,-0.5661131276112142,9.970898495895362,5.69349497628786,0.0,7.0
1761845839578,8044921101402,GYRO,-0.0327046221163084,-0.0028721429347986,-0.0184928897936473,0.0,7.0
1761845839598,8044941466283,ACC,-0.5808661612445417,7.950649413354749,6.70487434084277,0.0,7.0
1761845839598,8044941466283,MAG,0.7682972202998477,-18.90657162591843,-25.48953446749162,0.0,7.0
1761845839598,8044941466283,ROT_VEC,0.240299862621083,0.3088577730416103,0.5574289826834972,0.514480710068229,7.0
1761845839598,8044941466283,GYRO,-0.0266974397379217,0.1482812228254921,-0.053796509958959,0.0,7.0
1761845839618,8044961831163,GYRO,-0.0585901814872588,0.0796791440314551,-0.0175658409877254,0.0,7.0
1761845839618,8044961831163,ACC,-1.3028703666759536,7.293813343258774,6.123756790243937,0.0,7.0
1761845839618,8044961831163,ROT_VEC,0.3577910722904294,0.3933416897458737,0.2681033166520659,0.3968602833616814,7.0
1761845839618,8044961831163,MAG,25.070647234088774,-17.158566757540886,-33.80016979003861,0.0,7.0
1761845839639,8044982196044,ROT_VEC,0.1687727515285299,0.3677249206713913,-1.177428249065401,0.2315167185812026,7.0
1761845839639,8044982196044,ACC,-2.517227979724317,8.566144163582265,4.492754135883574,0.0,7.0
1761845839639,8044982196044,MAG,6.507323196156442,-28.30709132369496,-3.7308008483228,0.0,7.0
1761845839639,8044982196044,GYRO,0.053916417363461,-0.064840590253324,-0.0273382745536156,0.0,7.0
1761845839659,8045002560925,MAG,7.193485591796951,-39.37397241665829,-17.499685152313177,0.0,7.0
1761845839659,8045002560925,ROT_VEC,0.3604176708649689,0.0430707095226617,0.4611391326332577,0.1975413171206352,7.0
1761845839659,8045002560925,GYRO,0.0002132268765422,0.013541227213512,-0.0289111005674817,0.0,7.0
1761845839659,8045002560925,ACC,-1.0095955368942255,9.96067222552508,3.809744410088185,0.0,7.0
1761845839680,8045022925806,ROT_VEC,0.261649602741703,0.1455871298417191,0.3369332613391887,0.4516560759024419,7.0
1761845839680,8045022925806,ACC,-0.6751748327534445,9.273974838726998,5.067208731756557,0.0,7.0
1761845839680,8045022925806,GYRO,-0.0241428026587679,-0.1767114670519806,0.0047084502886075,0.0,7.0
1761845839680,8045022925806,MAG,36.87245608659103,-32.900728847903345,-11.26553427325202,0.0,7.0
1761845839700,8045043290687,GYRO,0.0120088120081892,0.1886794425890919,0.0028272422199322,0.0,7.0
1761845839700,8045043290687,ROT_VEC,0.1446470068642059,-0.1592588323115673,0.5859768539748299,0.318564249156246,7.0
1761845839700,8045043290687,ACC,-2.049338490549441,9.131411742210664,5.612493975454593,0.0,7.0
1761845839700,8045043290687,MAG,26.02317051311041,-16.99587493829973,-5.817668906520748,0.0,7.0
1761845839720,8045063655567,GYRO,-0.0643389060825495,-0.1944073201608304,-0.0198803301552792,0.0,7.0
1761845839720,8045063655567,ACC,-1.6314924690519377,4.915348783295328,6.589845937533305,0.0,7.0
1761845839720,8045063655567,ROT_VEC,0.1068657060863406,0.3074957572089749,-0.662106398141729,0.2817463072184295,7.0
1761845839720,8045063655567,MAG,20.942967106874537,-37.59403174725963,-25.67087530925044,0.0,7.0
1761845839741,8045084020448,ACC,-1.199141353497596,6.4447454360569845,4.547734712892132,0.0,7.0
1761845839741,8045084020448,GYRO,-0.0145767144201003,-0.1427474800606109,-0.0004184233652299,0.0,7.0
1761845839741,8045084020448,MAG,18.707691053033034,-19.346220100883308,-14.507745694349795,0.0,7.0
1761845839741,8045084020448,ROT_VEC,0.191003509948073,-0.4191923446648239,1.0606791459892446,0.7631543574619086,7.0
1761845839761,8045104385329,GYRO,0.115073320545654,-0.0297503432614054,-0.0211366846418684,0.0,7.0
1761845839761,8045104385329,ROT_VEC,0.2805339234041852,-0.0239471656464728,-0.2282330235607487,0.5525653043952947,7.0
1761845839761,8045104385329,MAG,7.876248917205181,-38.0523830770873,-13.716883297639876,0.0,7.0
1761845839761,8045104385329,ACC,-1.874971172987758,7.787103711337256,4.781032078570986,0.0,7.0
1761845839781,8045124750210,ACC,0.061809780334612,6.409941996789544,4.178878007946091,0.0,7.0
1761845839781,8045124750210,ROT_VEC,0.1412250127188419,0.1804618070889135,-0.1196720841740014,0.3246585001858051,7.0
1761845839781,8045124750210,GYRO,-0.0497489970377197,0.0311726032242246,0.0108675500926911,0.0,7.0
1761845839781,8045124750210,MAG,21.11355232614589,-40.33602884138477,-18.169820325382933,0.0,7.0
1761845839802,8045145115090,GYRO,-0.0166539925870861,-0.2731374036324787,-0.0154185933722273,0.0,7.0
1761845839802,8045145115090,ROT_VEC,0.2172609358412564,-0.1712064261465188,0.2571425108863313,0.694072261961665,7.0
1761845839802,8045145115090,ACC,-0.9158735897618012,6.271502050085431,5.776849501637388,0.0,7.0
1761845839802,8045145115090,MAG,41.27720076770908,-36.09078328579713,-26.71055876338155,0.0,7.0
1761845839822,8045165479971,ACC,-1.5865850623641855,7.097239646856243,5.431341545171376,0.0,7.0
1761845839822,8045165479971,ROT_VEC,0.2867773095649426,-0.0212663720146276,0.3011598935299829,0.6706484176510996,7.0
1761845839822,8045165479971,GYRO,-0.0003825123930594,-0.1966063173076585,0.0067330775523051,0.0,7.0
1761845839822,8045165479971,MAG,17.781173763360407,-35.2067024850893,-18.145941284240536,0.0,7.0
1761845839842,8045185844852,ACC,-1.567930822850969,7.622402043559225,5.98713370986424,0.0,7.0
1761845839842,8045185844852,GYRO,-0.0374114718553208,-0.2223690083898371,0.0150576431208411,0.0,7.0
1761845839842,8045185844852,MAG,36.6233426967002,-33.451529036762366,-26.008111328376483,0.0,7.0
1761845839842,8045185844852,ROT_VEC,0.3541337200281919,0.1034609063564419,-0.3589359751337582,0.2290261389972069,7.0
1761845839863,8045206209733,ROT_VEC,0.2759264363381812,-0.6177034117128415,-0.3429749800398327,0.2911467776375123,7.0
1761845839863,8045206209733,GYRO,-0.0406218873874092,0.0335701434820709,-0.0043292908845171,0.0,7.0
1761845839863,8045206209733,MAG,50.43256256748244,3.712865132150167,-17.613321584280303,0.0,7.0
1761845839863,8045206209733,ACC,-0.2460187087920421,8.834365753091836,4.823886533811268,0.0,7.0
1761845839883,8045226574614,MAG,3.8907786323161058,-35.66747828399303,-20.53566892832977,0.0,7.0
1761845839883,8045226574614,ACC,-1.8871430768040025,6.662128844947848,5.089184345750768,0.0,7.0
1761845839883,8045226574614,ROT_VEC,0.2770487135471127,0.3467513014928397,-0.8360967819672196,0.3842477497061639,7.0
1761845839883,8045226574614,GYRO,-0.0958521717323743,0.0724768379581724,-0.0107478380377157,0.0,7.0
1761845839904,8045246939494,ROT_VEC,0.2379859659562846,-0.5307871398958913,-1.1907378859271929,0.3555400220197303,7.0
1761845839904,8045246939494,ACC,-0.7495848648943647,8.499687891720948,4.15079215515863,0.0,7.0
1761845839904,8045246939494,GYRO,0.0414627126114812,-0.0700892207883178,-0.0013806203672007,0.0,7.0
1761845839904,8045246939494,MAG,21.792989754248083,-30.0785570042407,-15.449991501818896,0.0,7.0
1761845839924,8045267304375,ACC,-0.786787203680255,8.179608700998546,6.312377367860674,0.0,7.0
1761845839924,8045267304375,GYRO,-0.0351503176555853,0.1002595070116942,0.0107087349598138,0.0,7.0
1761845839924,8045267304375,MAG,25.512251032093666,-21.79436898325465,-7.618495877226484,0.0,7.0
1761845839924,8045267304375,ROT_VEC,0.2683943581226742,0.1353863952208999,-0.6013208010909487,0.5183894756191275,7.0
1761845839944,8045287669256,ROT_VEC,0.3411992978140765,0.5241498460875864,0.2680390545003092,0.5138939918957345,7.0
1761845839944,8045287669256,MAG,7.616104999503445,-29.80472463015001,-19.282182722302228,0.0,7.0
1761845839944,8045287669256,GYRO,-0.0661690983558749,-0.1007613175119821,0.0149685294588648,0.0,7.0
1761845839944,8045287669256,ACC,-0.5903213196218169,8.41733263273333,4.465147081841371,0.0,7.0
1761845839965,8045308034137,ACC,-2.5074383229680963,7.473778622006926,6.007783118320598,0.0,7.0
1761845839965,8045308034137,GYRO,0.0197811953311315,0.0521204829479998,0.0146113827043286,0.0,7.0
1761845839965,8045308034137,MAG,2.5635306992706264,-43.615191011132126,-13.808008502468276,0.0,7.0
1761845839965,8045308034137,ROT_VEC,0.2177720874757097,0.0892958718627149,-0.5596184421101542,0.3880741575550261,7.0
1761845839985,8045328399017,ROT_VEC,0.2103057974825185,0.0800108401136169,0.0993332239527647,0.4993432148600925,7.0
1761845839985,8045328399017,MAG,34.85881730130086,-12.835777341423082,-14.348631679640992,0.0,7.0
1761845839985,8045328399017,GYRO,0.0465208455512967,-0.0786828134950182,-0.0299577206482296,0.0,7.0
1761845839985,8045328399017,ACC,-0.2769861088014675,8.635647320185974,6.0539807686673,0.0,7.0
1761845840005,8045348763898,MAG,8.047448729171737,-29.039766857814428,-29.43096901165687,0.0,7.0
1761845840005,8045348763898,ACC,-1.434278576257457,4.918118444113366,5.030298165315034,0.0,7.0
1761845840005,8045348763898,ROT_VEC,0.1878068546699503,0.2068609957958832,0.695614782581524,0.2458091370078831,7.0
1761845840005,8045348763898,GYRO,0.0170398926957958,0.0076305368024583,-0.0042993829122435,0.0,7.0
1761845840026,8045369128779,MAG,30.118903065091786,-40.029992054705126,-14.970761651057524,0.0,7.0
1761845840026,8045369128779,GYRO,-0.0218770296173336,0.013396434439882,0.0210381463232344,0.0,7.0
1761845840026,8045369128779,ACC,-1.3016932754341557,8.252372746060265,4.198806927790788,0.0,7.0
1761845840026,8045369128779,ROT_VEC,0.3153984029989944,0.3220736595989175,0.0485979202741626,-0.0553475133030437,7.0
1761845840046,8045389493660,GYRO,-0.0238940458195159,0.1613254424920872,-0.0251346043219282,0.0,7.0
1761845840046,8045389493660,ROT_VEC,0.264013891732858,0.5739773552645088,-0.4232221362921873,0.4694369922762972,7.0
1761845840046,8045389493660,MAG,13.132539738288566,-30.433227178008863,-1.8581237771050485,0.0,7.0
1761845840046,8045389493660,ACC,-0.315431635593333,8.195460634373221,5.219235384687708,0.0,7.0
1761845840066,8045409858540,GYRO,0.0128669112540353,-0.0374209416686689,0.0116457808609869,0.0,7.0
1761845840066,8045409858540,ROT_VEC,0.4549930977415647,-0.4467640822437449,0.782584432739525,0.3873005553681705,7.0
1761845840066,8045409858540,ACC,-2.2213505055129947,8.635563609833682,6.018724041913112,0.0,7.0
1761845840066,8045409858540,MAG,5.481513680651336,-30.30847158523829,-12.4321260876451,0.0,7.0
1761845840087,8045430223421,ROT_VEC,0.1877278157182242,-0.3749461603547213,-0.9385506589313506,0.1979957470377515,7.0
1761845840087,8045430223421,MAG,29.14137688643065,-40.59818053140895,-31.478559128863708,0.0,7.0
1761845840087,8045430223421,ACC,0.2543143252127527,6.689917117694689,4.739644453647451,0.0,7.0
1761845840087,8045430223421,GYRO,-0.0486271100907064,0.0254051816871287,0.0277819784908221,0.0,7.0
1761845840107,8045450588302,GYRO,-0.0226428286996778,0.0224400380950029,0.0115815146311302,0.0,7.0
1761845840107,8045450588302,ACC,-2.008930335898698,9.001978734872996,4.906461034544648,0.0,7.0
1761845840107,8045450588302,MAG,38.58147698783413,-42.54548434808565,-14.312513053916186,0.0,7.0
1761845840107,8045450588302,ROT_VEC,0.1132654431811125,0.43996944093454,-0.4244694324920411,0.3851140845626628,7.0
1761845840128,8045470953183,MAG,-25.371248181737627,-40.87986939801296,-2.675559996514447,0.0,7.0
1761845840128,8045470953183,GYRO,0.0473451354344,-0.0083912478986355,0.0196315199369854,0.0,7.0
1761845840128,8045470953183,ROT_VEC,0.108742232105217,-0.4873512891971406,-0.5830323740038788,0.2582044383957692,7.0
1761845840128,8045470953183,ACC,-1.1209334063682193,7.067314819897867,6.030723100094511,0.0,7.0
1761845840148,8045491318064,MAG,6.708506085066984,-24.544492366218368,-10.682044596177542,0.0,7.0
1761845840148,8045491318064,GYRO,0.0086742094228145,-0.0064178841801002,0.0335142003696582,0.0,7.0
1761845840148,8045491318064,ACC,0.0769490642166078,7.114215437790819,4.809291970738123,0.0,7.0
1761845840148,8045491318064,ROT_VEC,0.14084788300695,-0.2879172326978507,-0.1172065168614968,0.5280471293717631,7.0
1761845840168,8045511682944,MAG,-6.804061913542371,-37.06263996531045,-16.662085444407637,0.0,7.0
1761845840168,8045511682944,ACC,-1.0582107975633028,7.321507959938605,7.863814197453628,0.0,7.0
1761845840168,8045511682944,GYRO,-0.0154021913393116,0.0724575941977695,0.0117712381196312,0.0,7.0
1761845840168,8045511682944,ROT_VEC,0.1733807370216174,-0.2855322597686222,0.7391532885682853,0.3545019389972406,7.0
1761845840189,8045532047825,ROT_VEC,0.2130834231766098,-0.0489221358359824,0.39656757347894,0.5748777970465805,7.0
1761845840189,8045532047825,ACC,-0.4439727700253999,7.428178943062661,6.054270435739435,0.0,7.0
1761845840189,8045532047825,GYRO,-0.0433900701204435,-0.1396894754622559,0.0115115417749166,0.0,7.0
1761845840189,8045532047825,MAG,10.933836493632604,-41.1277123471702,-4.300368643611606,0.0,7.0
1761845840209,8045552412706,MAG,1.1725153431591815,-23.82687372357667,-5.5271821643093215,0.0,7.0
1761845840209,8045552412706,ACC,-1.252332558267505,8.325474485475059,4.486310581315205,0.0,7.0
1761845840209,8045552412706,GYRO,0.0706732785326356,0.0661175908942612,0.0076207153696845,0.0,7.0
1761845840209,8045552412706,ROT_VEC,0.2706260437862788,0.2516945032260831,0.5461249669640249,0.2301756684415397,7.0
1761845840229,8045572777587,ROT_VEC,0.3489193729187589,-0.0115514952322115,-0.3384332519748284,0.4579535385392549,7.0
1761845840229,8045572777587,MAG,15.889663819240608,-30.34284955329459,-5.852481280521104,0.0,7.0
1761845840229,8045572777587,GYRO,-0.0046401310234278,0.0239541018782126,0.0398611807478757,0.0,7.0
1761845840229,8045572777587,ACC,-1.1323043762282774,9.745153824940978,5.636733027775405,0.0,7.0
1761845840250,8045593142467,GYRO,0.036210868979144,-0.0090833020262463,0.0073237492652792,0.0,7.0
1761845840250,8045593142467,ROT_VEC,0.3377138238784882,-0.4612654319935536,0.2197469950180982,0.3416559611568254,7.0
1761845840250,8045593142467,ACC,-0.7550492852328021,10.56809740808398,5.168709489201819,0.0,7.0
1761845840250,8045593142467,MAG,32.67523338222533,-19.49706367901104,-20.731944934088773,0.0,7.0
1761845840270,8045613507348,GYRO,-0.0527183292682819,0.1227017699798916,-0.0027554012495427,0.0,7.0
1761845840270,8045613507348,ROT_VEC,0.2213156282125702,0.1097838629762277,0.0362738237432583,0.5598538098252159,7.0
1761845840270,8045613507348,ACC,-2.275789428131578,7.672657247429658,5.646394898517987,0.0,7.0
1761845840270,8045613507348,MAG,5.179695574204618,-16.32150903115417,-13.199542351816266,0.0,7.0
1761845840291,8045633872229,MAG,31.440736456052907,-32.86181246732104,-25.537561006607817,0.0,7.0
1761845840291,8045633872229,GYRO,-0.0099334956444002,0.3293328717544493,0.0181162246092325,0.0,7.0
1761845840291,8045633872229,ROT_VEC,0.1639077628953351,0.5081626038688035,-0.5297287376964689,0.3357106883032101,7.0
1761845840291,8045633872229,ACC,-0.2214247991754077,7.974486353654246,5.244618260067442,0.0,7.0
1761845840311,8045654237110,ROT_VEC,0.2202268358648985,-0.0707701138012382,-0.61591290002721,0.7785802396311907,7.0
1761845840311,8045654237110,GYRO,0.01455942631187,-0.0073009424216536,0.0143152729233812,0.0,7.0
1761845840311,8045654237110,ACC,0.3117260623507353,10.607803183378728,3.957855028774541,0.0,7.0
1761845840311,8045654237110,MAG,16.844442632482654,-23.99181273393402,-25.009288426660444,0.0,7.0
1761845840331,8045674601990,GYRO,-0.0561798623856717,-0.1778777076640963,-0.0030162174079007,0.0,7.0
1761845840331,8045674601990,MAG,6.362775187079324,-51.29768710712892,-14.01362008191409,0.0,7.0
1761845840331,8045674601990,ACC,-0.1454439153493777,6.812179401682732,4.3635497431921655,0.0,7.0
1761845840331,8045674601990,ROT_VEC,0.2029450962398301,-0.4482010141820833,-0.2379664557004001,0.6126716587166999,7.0
1761845840352,8045694966871,ACC,-2.409092547400705,7.676845693616754,5.963518528818381,0.0,7.0
1761845840352,8045694966871,ROT_VEC,0.2199591334537764,-0.2801869963937325,0.8636284120703229,0.6515842744293352,7.0
1761845840352,8045694966871,GYRO,0.0001440436679891,-0.1011863331958358,0.028600409480517,0.0,7.0
1761845840352,8045694966871,MAG,26.51415944461168,-25.003286904681,-3.294499221041059,0.0,7.0
1761845840372,8045715331752,GYRO,-0.0096951607266423,0.2146482113387902,0.0005386966361836,0.0,7.0
1761845840372,8045715331752,ACC,-1.326796325467741,4.615792538118132,2.9340674867854237,0.0,7.0
1761845840372,8045715331752,ROT_VEC,0.2162937500293627,0.0338298532456323,0.0510790086650617,0.5353367838866728,7.0
1761845840372,8045715331752,MAG,31.2774475638116,-26.463879258317768,-19.503017912047905,0.0,7.0
1761845840392,8045735696633,MAG,16.00157727948041,-35.35086963945508,0.8674967074651946,0.0,7.0
1761845840392,8045735696633,ROT_VEC,0.2669573057443948,0.0066689565729317,0.2940255405023105,0.4502525837168525,7.0
1761845840392,8045735696633,GYRO,-0.0303091397423779,-0.058385385548225,0.0076554634458192,0.0,7.0
1761845840392,8045735696633,ACC,-1.164357253811761,6.202994569024368,4.311219386534694,0.0,7.0
1761845840413,8045756061514,ACC,-1.5550954933938743,7.029161356214081,4.2794899819474645,0.0,7.0
1761845840413,8045756061514,MAG,13.285180469840393,-47.068587378285926,-8.319193703801256,0.0,7.0
1761845840413,8045756061514,GYRO,-0.0300644717832447,-0.1138118836739751,0.0565634017183622,0.0,7.0
1761845840413,8045756061514,ROT_VEC,0.1904665407568223,-0.1007090495490487,-0.4462650866422278,0.511676595128812,7.0
1761845840433,8045776426394,GYRO,0.0041902659794901,0.1264244011103551,0.0193141041124567,0.0,7.0
1761845840433,8045776426394,MAG,12.435632471428104,-45.775956211009664,-16.674540184120794,0.0,7.0
1761845840433,8045776426394,ACC,-2.306856654620629,7.73401414127168,6.439122910228076,0.0,7.0
1761845840433,8045776426394,ROT_VEC,0.2079235971768225,-0.3027457771329467,-0.0431207505505234,0.2110465628034253,7.0
1761845840453,8045796791275,GYRO,-0.0217510034911342,0.2965897221071412,-0.0336491864102837,0.0,7.0
1761845840453,8045796791275,ROT_VEC,0.2218277810976148,0.160676473689332,-0.7173277790961405,0.7130851746417689,7.0
1761845840453,8045796791275,ACC,-0.8000395143621711,5.859083687838058,7.502816130247094,0.0,7.0
1761845840453,8045796791275,MAG,50.97990775180246,-17.78293937965154,-11.53304974431876,0.0,7.0
1761845840474,8045817156156,ACC,-1.7828237193747536,8.08672864289559,1.9177696909213413,0.0,7.0
1761845840474,8045817156156,GYRO,-0.0380619512740249,-0.1890656648227701,-0.0185362837899913,0.0,7.0
1761845840474,8045817156156,ROT_VEC,0.2213878011734608,0.5176847883145537,0.5101248882389828,0.7775058608916713,7.0
1761845840474,8045817156156,MAG,30.736529760507658,-18.76166896734786,-18.719953953795567,0.0,7.0
1761845840494,8045837521037,GYRO,-0.0957556103729913,-0.0596415102047456,0.0030610871035973,0.0,7.0
1761845840494,8045837521037,ROT_VEC,0.2026474130376984,-0.0346071326471663,1.1922764599472324,0.2807781210944887,7.0
1761845840494,8045837521037,MAG,-5.892079042672306,-24.81706931109016,-32.34092602567687,0.0,7.0
1761845840494,8045837521037,ACC,-1.6002172584593446,6.916433635949469,6.179902217917851,0.0,7.0
