timestamp,nanoTime,type,x,y,z,w,label
1761810632176,8482900818791,ACC,-1.7007507417964085,7.073648215473633,4.20719826222291,0.0,7
1761810632176,8482900818791,GYRO,0.008937896906061804,-0.11841616871033568,0.008696826016532305,0.0,7
1761810632176,8482900818791,ROT_VEC,0.21493611932584009,0.4706569718497285,-0.22693082752871477,0.2931621475697319,7
1761810632176,8482900818791,MAG,20.5773328682916,-34.908184409948774,5.2399747927355165,0.0,7
1761810632196,8482921157844,ACC,-1.2775114092235327,8.82054143798136,5.641469124582329,0.0,7
1761810632196,8482921157844,GYRO,-0.05200176274506543,0.020002001418582046,0.01112504726784862,0.0,7
1761810632196,8482921157844,MAG,48.0675735033657,-32.192927409236965,-17.111894702055164,0.0,7
1761810632196,8482921157844,ROT_VEC,0.18316697718875147,0.6542241954617154,0.5612960541631193,0.6857767999707932,7
1761810632216,8482941496898,ROT_VEC,0.4051036736617432,-0.3979334842608244,0.2639118244032347,0.4371735507896903,7
1761810632216,8482941496898,GYRO,-0.029296988251073096,0.019713740487651652,0.002008906069551988,0.0,7
1761810632216,8482941496898,MAG,30.66619587148833,-34.54826324573063,-1.0430606728358645,0.0,7
1761810632216,8482941496898,ACC,-1.3973973244579834,7.7225716412510685,6.310785668231497,0.0,7
1761810632237,8482961835951,GYRO,0.07059173733435282,0.022404127238485026,0.009965256771390133,0.0,7
1761810632237,8482961835951,ACC,-1.2002038630920842,8.304629606544005,3.644868917127086,0.0,7
1761810632237,8482961835951,MAG,-11.712567477723967,-21.877421629697913,-9.259636388168298,0.0,7
1761810632237,8482961835951,ROT_VEC,0.23699865755903793,0.4435896577932229,0.6355758362801099,0.3095684801047309,7
1761810632257,8482982175005,GYRO,-0.013329095987846082,0.10154429602106674,0.012634480336179537,0.0,7
1761810632257,8482982175005,ROT_VEC,0.2850684291039808,0.5046017756920576,0.382529190836557,0.4117985219659613,7
1761810632257,8482982175005,ACC,-1.264475369064516,9.275043549811507,5.219380662562996,0.0,7
1761810632257,8482982175005,MAG,23.500472994764515,-39.0325636308449,-10.056287131466991,0.0,7
1761810632277,8483002514058,ROT_VEC,0.1593031839841621,0.2958564354008203,0.21339966028373225,0.7311894233724867,7
1761810632277,8483002514058,GYRO,0.0060352902560934065,-0.01688885456083732,0.01282284437832206,0.0,7
1761810632277,8483002514058,MAG,1.0550375612139435,-15.085211694766958,-19.817248805375616,0.0,7
1761810632277,8483002514058,ACC,-1.3748150154588947,9.62753687054074,4.895448835206561,0.0,7
1761810632298,8483022853112,ACC,-1.1278720420570338,8.625184294338384,4.373114803381259,0.0,7
1761810632298,8483022853112,ROT_VEC,0.2834008151451376,-0.20333949006694427,-0.22957787850659972,0.2141978503503425,7
1761810632298,8483022853112,MAG,36.8707001453867,-17.11760625267145,-15.077732522143169,0.0,7
1761810632298,8483022853112,GYRO,-0.020422968737636285,0.11554673995775375,-0.013969323272205061,0.0,7
1761810632318,8483043192165,ROT_VEC,0.38562847453117244,0.522708546710189,0.9600000436836154,0.6743360730935161,7
1761810632318,8483043192165,MAG,26.33670320384261,-37.85772649411574,-29.149698452484962,0.0,7
1761810632318,8483043192165,ACC,-1.5042232769129598,8.622920075960543,6.857072832880348,0.0,7
1761810632318,8483043192165,GYRO,-0.030450681335845872,0.0778959023857074,-0.016011643476589375,0.0,7
1761810632338,8483063531219,ACC,-1.8100674366241432,5.975656843960436,6.047856407414608,0.0,7
1761810632338,8483063531219,GYRO,0.04872901556898005,-0.07595709631852701,0.006518549626308659,0.0,7
1761810632338,8483063531219,MAG,8.774121105819457,-11.826416855828395,-10.829821057018824,0.0,7
1761810632338,8483063531219,ROT_VEC,0.2167649619932183,0.030269436659964705,0.4044017042948834,0.40912662228824126,7
1761810632359,8483083870272,GYRO,0.07298622518619151,0.03059706316600277,0.011127978118707532,0.0,7
1761810632359,8483083870272,MAG,14.977581519165962,-32.76624680237361,-13.380111315876288,0.0,7
1761810632359,8483083870272,ACC,0.5060338579202077,7.92882225568937,4.852960965159925,0.0,7
1761810632359,8483083870272,ROT_VEC,0.2735210527375065,-0.041626020462981875,0.11664863513163179,0.24101930001431895,7
1761810632379,8483104209326,ROT_VEC,0.3230714679606401,1.0445199607560234,0.74895622263953,0.48612237627708416,7
1761810632379,8483104209326,ACC,-1.3028599482226109,10.117411861465923,4.962081235815954,0.0,7
1761810632379,8483104209326,MAG,22.410551683977783,-20.24748180574622,-14.241267928821879,0.0,7
1761810632379,8483104209326,GYRO,0.021319999073373022,0.10101764195810516,0.035398700906806635,0.0,7
1761810632399,8483124548379,GYRO,-0.046514984309661736,0.06787530934169686,-0.011004245684222789,0.0,7
1761810632399,8483124548379,MAG,28.039288550099155,-39.812596156061296,-14.772239340503198,0.0,7
1761810632399,8483124548379,ROT_VEC,0.20402723863968958,0.0459766522974048,-1.1378552010392275,0.8394181191587929,7
1761810632399,8483124548379,ACC,0.6765393319502212,7.266684134637903,6.299041744992031,0.0,7
1761810632420,8483144887433,MAG,31.341480412441744,-22.975268438706618,-6.0752816273233305,0.0,7
1761810632420,8483144887433,GYRO,0.05188094987677386,0.042449777480215466,-0.0027152145648680704,0.0,7
1761810632420,8483144887433,ROT_VEC,0.28278454123284225,0.12362221182346006,-0.6508510528948879,0.6082290933361578,7
1761810632420,8483144887433,ACC,-1.0187148124944436,9.372370568413055,5.360305205934617,0.0,7
1761810632440,8483165226487,GYRO,0.01614146119499687,0.11448211304468947,0.021826624768296003,0.0,7
1761810632440,8483165226487,ROT_VEC,0.23195913133268029,-0.0609482422046053,0.6007216660353875,0.3113387398498157,7
1761810632440,8483165226487,ACC,-1.3353101521949053,7.943050093085623,4.831956589568124,0.0,7
1761810632440,8483165226487,MAG,14.289838909458286,-27.99349556001338,-10.820893857738648,0.0,7
1761810632460,8483185565540,MAG,50.122772208562,-25.17044564231217,-5.800801464350451,0.0,7
1761810632460,8483185565540,ROT_VEC,0.1534071990737461,0.5237904708407334,0.4352040934516392,0.3741459765280314,7
1761810632460,8483185565540,ACC,-2.0638645276471745,7.238357695165575,5.760007195072639,0.0,7
1761810632460,8483185565540,GYRO,-0.05317679878724865,0.24386176330364945,-0.028237826273016825,0.0,7
1761810632481,8483205904594,MAG,7.13988742448909,-27.956846625023367,-23.89210471631515,0.0,7
1761810632481,8483205904594,GYRO,0.05349279889359092,-0.04773344937269994,-0.006945445901754063,0.0,7
1761810632481,8483205904594,ROT_VEC,0.2678403172448496,-0.557402989598076,0.18338073911301134,0.4709819592306637,7
1761810632481,8483205904594,ACC,0.12784602992421537,10.309785768417772,3.474734973838742,0.0,7
1761810632501,8483226243647,MAG,11.110321315222162,-32.37524096843329,1.440365913978174,0.0,7
1761810632501,8483226243647,ACC,-2.3179362739403198,8.369228728160257,6.332401778766665,0.0,7
1761810632501,8483226243647,ROT_VEC,0.14714490281319423,0.08891987292938744,-0.6715612696947078,0.9004417240048959,7
1761810632501,8483226243647,GYRO,-0.016574435566768752,-0.16315270105340313,-0.0056571246201838205,0.0,7
1761810632521,8483246582701,ACC,0.48864629782499336,10.723763305824068,5.333298294576541,0.0,7
1761810632521,8483246582701,ROT_VEC,0.250630867963538,0.026201156484587162,0.4319999884746822,0.37287768531587934,7
1761810632521,8483246582701,MAG,20.96338140213133,-28.797024272579304,-8.082723608075092,0.0,7
1761810632521,8483246582701,GYRO,-0.02924440070094242,0.16061114584543298,-0.0035922414731968002,0.0,7
1761810632542,8483266921754,ROT_VEC,0.1308071383147847,-0.26835615263870666,0.320225176173162,0.7816362057980781,7
1761810632542,8483266921754,MAG,-20.562684935791307,-25.452520167877264,-7.076976100792469,0.0,7
1761810632542,8483266921754,GYRO,-0.026546320184346862,-0.10561071396773063,0.002048772708873677,0.0,7
1761810632542,8483266921754,ACC,-1.8849580330316142,6.8243403205866535,6.454470797249495,0.0,7
1761810632562,8483287260808,ACC,-1.246971351886164,7.562743917146622,6.57825356629755,0.0,7
1761810632562,8483287260808,ROT_VEC,0.1867768594865061,-0.30356620613100055,-0.8658746695857524,0.39783884555311355,7
1761810632562,8483287260808,MAG,29.260790575462025,-39.230073811146106,-11.17036041049801,0.0,7
1761810632562,8483287260808,GYRO,-0.024575100198925604,-0.0297569842261299,-0.03740553988795303,0.0,7
1761810632582,8483307599861,GYRO,-0.03517388045297441,0.18656115517947705,-0.003225019414608893,0.0,7
1761810632582,8483307599861,ACC,-1.7018263527834436,6.629779436819541,6.013796056803287,0.0,7
1761810632582,8483307599861,ROT_VEC,0.24864543938158437,-0.07435310185958814,1.2288646903084852,0.6566769792703564,7
1761810632582,8483307599861,MAG,27.0511361099785,-23.028627539902274,-9.695832446300136,0.0,7
1761810632603,8483327938915,GYRO,-0.10095243838752646,0.1858846229834396,-0.02972233886590655,0.0,7
1761810632603,8483327938915,ACC,-1.8344154599841835,8.777465489638587,5.506810648488831,0.0,7
1761810632603,8483327938915,ROT_VEC,0.17910786543881274,-0.11165232722257735,-0.9437942502961743,0.3513733578807188,7
1761810632603,8483327938915,MAG,30.67906447283658,-17.521471903692966,-35.70520400357354,0.0,7
1761810632623,8483348277968,MAG,40.21054779418486,-46.50679275032447,-21.114386619109276,0.0,7
1761810632623,8483348277968,GYRO,-0.02966925292213855,-0.20586563157815585,-0.029915348304722707,0.0,7
1761810632623,8483348277968,ACC,-0.5739071857947179,8.160004753884934,5.720864793952383,0.0,7
1761810632623,8483348277968,ROT_VEC,0.30119905899263594,-0.10257150470098463,-0.5654778227362933,0.516147763129719,7
1761810632643,8483368617022,MAG,31.277384393586654,-17.80099950711127,-16.33320400203576,0.0,7
1761810632643,8483368617022,GYRO,-0.05936551855711662,0.11443434454691992,-0.0028394312564004034,0.0,7
1761810632643,8483368617022,ROT_VEC,0.27837443576080256,0.43078448404224234,0.9953329890015934,0.4489398459697591,7
1761810632643,8483368617022,ACC,-1.9817053445921136,7.976210717955218,4.849413257910781,0.0,7
1761810632664,8483388956075,MAG,9.555226986217669,-33.745073710947075,-22.644132325457605,0.0,7
1761810632664,8483388956075,ROT_VEC,0.1830789617676698,0.38619092305150915,0.35673717104514113,0.4084731791019937,7
1761810632664,8483388956075,GYRO,-0.016345644477574677,-0.22349658838471909,-0.003169878972489677,0.0,7
1761810632664,8483388956075,ACC,0.3946699620774582,8.949343727388339,4.524235593931214,0.0,7
1761810632684,8483409295129,MAG,36.2156043967766,-35.47587634514803,-13.99573847924161,0.0,7
1761810632684,8483409295129,ACC,-1.7933067085184633,7.694106252700309,4.673377835770209,0.0,7
1761810632684,8483409295129,ROT_VEC,0.3507349308321964,-0.04525283085400946,0.11139461577208884,0.4551686021418415,7
1761810632684,8483409295129,GYRO,0.0338548647824516,0.014292737637337708,-0.01881880811776166,0.0,7
1761810632704,8483429634183,MAG,39.424990018496096,-33.83874622330181,-28.817226055395576,0.0,7
1761810632704,8483429634183,ROT_VEC,0.2635959665842526,0.3419070370248287,-0.7376448817482832,0.37849104821245505,7
1761810632704,8483429634183,GYRO,-0.013470134711429438,0.08441384219592983,-0.01099488130145057,0.0,7
1761810632704,8483429634183,ACC,-1.1006775098325303,6.383215805753102,5.454547132191431,0.0,7
1761810632725,8483449973236,ROT_VEC,0.23903619191521228,-0.335434817197348,-0.7395510636271436,0.329276307701483,7
1761810632725,8483449973236,ACC,-1.7198782805498736,5.376355068169807,5.6323329741408585,0.0,7
1761810632725,8483449973236,MAG,1.0543325440757565,-33.67944715452585,-11.642687686998784,0.0,7
1761810632725,8483449973236,GYRO,0.014819487256182108,-0.37210694428862673,0.027419704823862995,0.0,7
1761810632745,8483470312290,MAG,-5.822149609666274,-40.09435751950429,-20.396915969132337,0.0,7
1761810632745,8483470312290,ROT_VEC,0.21169059622853997,-0.3906051903096054,0.058234212150172854,0.5216755295297609,7
1761810632745,8483470312290,ACC,-0.7077785982253008,6.694303924681221,4.247734022203473,0.0,7
1761810632745,8483470312290,GYRO,0.03469570696937879,-0.19233027582349632,0.007875866404119056,0.0,7
1761810632765,8483490651343,MAG,-22.180998127961058,-35.05417816060483,-27.366522485008165,0.0,7
1761810632765,8483490651343,ACC,-0.6644547799469611,8.115093044803565,4.989591828071554,0.0,7
1761810632765,8483490651343,GYRO,-0.04200707073100369,-0.23559846807093784,0.00263848020614626,0.0,7
1761810632765,8483490651343,ROT_VEC,0.2956679420730747,-0.27864530053628633,-0.31789392120863785,0.37728496992421456,7
1761810632786,8483510990397,ACC,-1.7133348952821137,6.458551891417673,4.021052906704737,0.0,7
1761810632786,8483510990397,MAG,32.97758737066676,-27.767528198145328,-18.09564339337288,0.0,7
1761810632786,8483510990397,GYRO,0.008159677811877824,0.02471255524968345,-0.03317876500114827,0.0,7
1761810632786,8483510990397,ROT_VEC,0.19022462731009235,-0.14754107259753366,-0.3983517364477114,0.613456640282144,7
1761810632806,8483531329450,ACC,-1.399462465978147,6.969880379981259,5.187461337077681,0.0,7
1761810632806,8483531329450,MAG,32.65103128534082,-47.67737543331692,10.191315762180125,0.0,7
1761810632806,8483531329450,ROT_VEC,0.1454177149516747,-0.14474253785260827,0.40067068540718337,0.09966091193714835,7
1761810632806,8483531329450,GYRO,-0.03722137919813486,-0.2144260288752582,-0.01867796609063961,0.0,7
1761810632826,8483551668504,MAG,9.428844918928101,-44.217828823069745,-18.318856698764016,0.0,7
1761810632826,8483551668504,ACC,-1.7498403806876879,5.809929917140631,5.083495643603289,0.0,7
1761810632826,8483551668504,ROT_VEC,0.1020829032538226,0.12528760727810478,-0.09440198135164182,0.4752981316613049,7
1761810632826,8483551668504,GYRO,-0.0992743658729635,-0.14014015124998522,-0.0006413206952366746,0.0,7
1761810632847,8483572007557,ACC,-1.1722806752824164,6.160418653788341,4.876773412087026,0.0,7
1761810632847,8483572007557,MAG,6.906781423900902,-22.489027694876928,-18.22825305374578,0.0,7
1761810632847,8483572007557,GYRO,0.0020262131860201617,-0.18456478211227353,-0.006037854564671343,0.0,7
1761810632847,8483572007557,ROT_VEC,0.15427083574210965,-0.23929099875187315,0.02940296606646879,0.6075777066164934,7
1761810632867,8483592346611,GYRO,-0.04292623752316138,-0.15513168831600582,-0.006049716610872287,0.0,7
1761810632867,8483592346611,ROT_VEC,0.20426101476047215,-0.11891592289632823,-0.6002700981626243,0.21188225944382552,7
1761810632867,8483592346611,MAG,5.739554904919878,-20.098761127301586,-14.948198209688645,0.0,7
1761810632867,8483592346611,ACC,-2.143900822191742,6.454272976579803,6.265746982967363,0.0,7
1761810632887,8483612685664,ROT_VEC,0.2772112421616812,0.5446390555753743,0.11539995679101638,0.3340600774288846,7
1761810632887,8483612685664,GYRO,0.0009788659599989152,-0.03845327986974703,-0.020716107211947027,0.0,7
1761810632887,8483612685664,ACC,-0.1727953961411778,9.032438447060839,6.695268120028904,0.0,7
1761810632887,8483612685664,MAG,15.985486581195932,-43.28242433873428,-23.096729451319238,0.0,7
1761810632908,8483633024718,ROT_VEC,0.2471632671330519,-0.06825304952575512,-0.27752134208269336,0.6323559070923135,7
1761810632908,8483633024718,GYRO,-0.011324308747121049,-0.09574798096896248,-0.028716029926809696,0.0,7
1761810632908,8483633024718,ACC,-0.8288030829908977,7.890329397428546,6.3542470857654925,0.0,7
1761810632908,8483633024718,MAG,2.5264569576448856,-31.19500770088482,-16.951754527526102,0.0,7
1761810632928,8483653363771,ROT_VEC,0.17371988026134366,-0.22967545819114746,-0.6458853366584884,0.5774811119037638,7
1761810632928,8483653363771,ACC,-0.6452895419343466,8.614274352819656,4.797058367912288,0.0,7
1761810632928,8483653363771,GYRO,0.0938340992736232,-0.19766822943614326,0.00947690996917469,0.0,7
1761810632928,8483653363771,MAG,-15.447434567959775,-32.47923961288304,-17.956989907157187,0.0,7
1761810632948,8483673702825,ROT_VEC,0.31514720030989996,0.31946311176127706,1.1205220476043514,0.4727799770188809,7
1761810632948,8483673702825,GYRO,-0.05451319904526688,-0.10748739898918769,0.011548253519772123,0.0,7
1761810632948,8483673702825,MAG,12.035096653913541,-17.059487818545183,0.8120362654455318,0.0,7
1761810632948,8483673702825,ACC,-1.365421500751841,8.883478284964003,3.6021460173220152,0.0,7
1761810632969,8483694041879,GYRO,-0.0818591949945749,-0.04128663998472447,0.015604981056408824,0.0,7
1761810632969,8483694041879,MAG,20.6402508208939,-46.473645844101156,-12.582673922318335,0.0,7
1761810632969,8483694041879,ACC,-1.406893301017757,7.619556746327874,4.75950040449918,0.0,7
1761810632969,8483694041879,ROT_VEC,0.1864103506577197,-0.21870941017404855,-0.5621161571824037,0.7992114946215759,7
1761810632989,8483714380932,GYRO,-0.04252815269098782,-0.08034060095846635,-0.01658904515718602,0.0,7
1761810632989,8483714380932,MAG,31.00089496098342,-11.046545914550887,0.48198258954331075,0.0,7
1761810632989,8483714380932,ACC,-1.6607407108109473,6.25464267825267,5.2219560387813,0.0,7
1761810632989,8483714380932,ROT_VEC,0.39853596156174625,-0.12378015247547258,-0.4666618423759855,0.2637289152507385,7
1761810633009,8483734719986,GYRO,-0.011887220305367728,-0.047897997206552946,0.019795745665451014,0.0,7
1761810633009,8483734719986,ACC,-1.5527950075261097,6.599039571541589,4.046746171807705,0.0,7
1761810633009,8483734719986,ROT_VEC,0.264037879317631,-0.21849224589015268,-0.35070315079526504,0.5721699796037637,7
1761810633009,8483734719986,MAG,7.887388045134218,-56.52173177085967,-19.582990693500268,0.0,7
1761810633030,8483755059039,MAG,5.395959851777328,-40.08060042053162,-7.038003838872687,0.0,7
1761810633030,8483755059039,ROT_VEC,0.2937086177441109,0.011176765454242885,0.194465022304802,0.3937674112148071,7
1761810633030,8483755059039,ACC,-0.9885062492243102,9.422626008123606,4.207056638550144,0.0,7
1761810633030,8483755059039,GYRO,-0.0274105858741487,-0.08642617188038286,0.05035722401284124,0.0,7
1761810633050,8483775398093,GYRO,-0.031782779422161005,0.10691500360206724,-0.004467657611295927,0.0,7
1761810633050,8483775398093,MAG,21.68486774367821,-28.277109487153655,-5.875950915110284,0.0,7
1761810633050,8483775398093,ACC,-0.8762061744963818,8.150862582373177,4.879902651106012,0.0,7
1761810633050,8483775398093,ROT_VEC,0.29782899023736487,0.08432246120057238,0.5500800213699396,0.13055444222914697,7
1761810633070,8483795737146,GYRO,0.004279564739010705,-0.06492084074549878,0.009690632437728676,0.0,7
1761810633070,8483795737146,ACC,-1.6206088182741216,6.627713696571541,4.600585319116005,0.0,7
1761810633070,8483795737146,MAG,12.677123954550932,-28.326983229653653,-14.80529310192243,0.0,7
1761810633070,8483795737146,ROT_VEC,0.2826389345781948,0.44590869232513053,-0.5629420748946916,0.8552362254493355,7
1761810633091,8483816076200,ROT_VEC,0.21273738744457754,-0.5807118106057322,-0.0010111174728499803,0.5206317898903693,7
1761810633091,8483816076200,ACC,-0.1746258167677161,7.113711020059964,6.563422882999437,0.0,7
1761810633091,8483816076200,MAG,9.222519416615052,-12.50040383355432,-14.823768800708958,0.0,7
1761810633091,8483816076200,GYRO,-0.004215926952196775,-0.23745725593629138,-0.0077037430323564395,0.0,7
1761810633111,8483836415253,GYRO,0.03259247812259002,-0.13403700521950793,0.016877739151432408,0.0,7
1761810633111,8483836415253,MAG,31.550760516568904,-37.775687891197975,-21.02903197503617,0.0,7
1761810633111,8483836415253,ACC,-2.207331475579546,6.850121940358863,5.179127156249689,0.0,7
1761810633111,8483836415253,ROT_VEC,0.18630221017099266,0.2361634936030187,0.19851526310124312,0.6085294199213567,7
1761810633131,8483856754307,ROT_VEC,0.20072512901066042,-0.15719975084315702,-1.0155930508570807,0.44717238716307484,7
1761810633131,8483856754307,MAG,19.129917251825024,-28.78596996317459,-16.263664804327767,0.0,7
1761810633131,8483856754307,ACC,-1.425018082543041,9.994608618116501,6.709156548986852,0.0,7
1761810633131,8483856754307,GYRO,-0.1395431973662115,0.06233192465516655,-0.004255286540863196,0.0,7
1761810633152,8483877093360,MAG,-10.045109369981981,-35.50006427513156,-0.7128643398437082,0.0,7
1761810633152,8483877093360,GYRO,0.02959086558380023,-0.09920489112801809,-0.015692684385011545,0.0,7
1761810633152,8483877093360,ACC,-1.377665301453115,7.80230661983142,4.940929428463435,0.0,7
1761810633152,8483877093360,ROT_VEC,0.3253660622173653,0.06424257285723847,-0.044154990782056786,0.48874444379545723,7
1761810633172,8483897432414,GYRO,-0.011706433671515887,-0.046744676682047556,0.005692812983946428,0.0,7
1761810633172,8483897432414,ROT_VEC,0.14176019995833028,0.012674760861745842,0.7808806631346427,0.20277461931038082,7
1761810633172,8483897432414,MAG,-14.618403278291087,-17.88141822307453,-5.587388683505858,0.0,7
1761810633172,8483897432414,ACC,-0.1591343074034538,6.078561250885148,4.732879059881116,0.0,7
1761810633192,8483917771468,ACC,-1.1737902016922737,6.4972508367611095,5.575214422611165,0.0,7
1761810633192,8483917771468,GYRO,0.001166024745430743,-0.054808453524956766,0.01463150946301906,0.0,7
1761810633192,8483917771468,ROT_VEC,0.10604774191915524,-0.06507850350120764,0.5333692875081935,0.8592305529753362,7
1761810633192,8483917771468,MAG,6.54549265618384,-25.982285346313283,-23.835728036389707,0.0,7
1761810633213,8483938110521,ACC,-0.5024440437645239,7.5520236550741044,4.887366797464247,0.0,7
1761810633213,8483938110521,ROT_VEC,0.2002370968630332,0.2132989666628037,0.832344223010589,0.4694689170559883,7
1761810633213,8483938110521,MAG,39.620169558720306,-12.186128777373675,-6.566078405840795,0.0,7
1761810633213,8483938110521,GYRO,-0.04339913403368845,-0.06283742725029079,0.02350426675260319,0.0,7
1761810633233,8483958449575,GYRO,-0.10790022285252275,-0.04802422948706035,-0.009159759317515908,0.0,7
1761810633233,8483958449575,ROT_VEC,0.19211949137252618,0.6764327380104188,1.2341829380121834,0.16139705053218714,7
1761810633233,8483958449575,ACC,-1.8392956301113361,5.629602271242252,3.9929972554373014,0.0,7
1761810633233,8483958449575,MAG,2.8273541607217014,6.26591781548424,1.3911044884940411,0.0,7
1761810633253,8483978788628,ROT_VEC,0.14463778594272203,0.0668996332942103,0.42838280352633273,0.2513158418804762,7
1761810633253,8483978788628,GYRO,0.07245791807479987,-0.008610516404800797,0.01583802522061407,0.0,7
1761810633253,8483978788628,ACC,-2.5360803377384826,8.547316265541767,5.7610343407479085,0.0,7
1761810633253,8483978788628,MAG,7.273008374145158,-32.26177648723222,-23.927644469885234,0.0,7
1761810633274,8483999127682,ROT_VEC,0.2737352538031913,-0.0641405904254617,0.2977667924190364,0.25665918731067944,7
1761810633274,8483999127682,GYRO,0.009643293350457277,0.048955195674432204,-0.0004759345679434517,0.0,7
1761810633274,8483999127682,ACC,-0.44320455863389263,7.613866678556766,5.314564727481577,0.0,7
1761810633274,8483999127682,MAG,-18.277129840704916,-10.334048200837817,-21.707666980890938,0.0,7
1761810633294,8484019466735,ROT_VEC,0.3261334428873752,-0.2699655341291952,0.4552537239884862,0.8180632669070087,7
1761810633294,8484019466735,GYRO,0.008329910909270098,-0.22438167324535682,-0.002174588905390724,0.0,7
1761810633294,8484019466735,ACC,-0.19507533883827025,6.49267237824524,4.247667709558675,0.0,7
1761810633294,8484019466735,MAG,0.912110667689181,-41.80627569754872,-31.697943281120864,0.0,7
1761810633314,8484039805789,ACC,-1.1786324508230008,8.648259616148522,6.498002883150873,0.0,7
1761810633314,8484039805789,MAG,-2.225038793479285,-18.543629887207768,-6.691319894804487,0.0,7
1761810633314,8484039805789,ROT_VEC,0.15316410144105133,0.3179878153643031,-0.08553224041988156,0.6712677371239688,7
1761810633314,8484039805789,GYRO,-0.030504023370815814,0.01192263938418511,-0.009696055584284612,0.0,7
1761810633335,8484060144842,ROT_VEC,0.28424194090664806,-0.046781416768021965,0.4925629565720531,0.41585963088671457,7
1761810633335,8484060144842,ACC,-1.2868428797657159,9.041863955247186,4.169634969002081,0.0,7
1761810633335,8484060144842,GYRO,0.03075895685398234,-0.060644249688343206,0.04697457204019872,0.0,7
1761810633335,8484060144842,MAG,10.83080237195122,-35.47590780392549,0.7998833429310024,0.0,7
1761810633355,8484080483896,GYRO,-0.0397045517755986,-0.019650812213766976,0.024729824835383364,0.0,7
1761810633355,8484080483896,MAG,4.218621526785657,-47.90817795370374,-3.2126452367037555,0.0,7
1761810633355,8484080483896,ACC,-1.7672740238767568,7.276974969068217,4.462849415561177,0.0,7
1761810633355,8484080483896,ROT_VEC,0.14801121235785122,-0.5375385522268334,-0.3272331976187217,0.6816079372061489,7
1761810633376,8484100822949,ACC,-0.8983815474029758,7.1522535035474535,3.6946948991554183,0.0,7
1761810633376,8484100822949,GYRO,-0.05742782541080426,-0.26220336760072777,-0.007080191772241113,0.0,7
1761810633376,8484100822949,ROT_VEC,0.37447050942032845,0.12128373703030934,0.08440315308211314,0.43425574519559057,7
1761810633376,8484100822949,MAG,18.329253259618792,-55.01849221226232,-17.35585161457252,0.0,7
1761810633396,8484121162003,GYRO,-0.06377359207337459,-0.03985937298753939,0.05081748144296504,0.0,7
1761810633396,8484121162003,ROT_VEC,0.3579229412375299,-0.03809645312998962,-0.07744495812688271,0.16319645780901965,7
1761810633396,8484121162003,ACC,-1.368557436704634,6.187796993247098,4.5841049557674385,0.0,7
1761810633396,8484121162003,MAG,-14.186080970088804,-30.102252145966737,-5.654913144079804,0.0,7
1761810633416,8484141501056,ROT_VEC,0.23150363885904857,0.3152925825625269,-0.8777850837456239,0.7969086534599882,7
1761810633416,8484141501056,MAG,20.52896331598415,-21.145771673677697,-12.260389430623151,0.0,7
1761810633416,8484141501056,GYRO,0.0012059271612420985,0.09808237942066339,-0.009385961156660873,0.0,7
1761810633416,8484141501056,ACC,-1.090285685549785,8.115266163217417,5.426934324779265,0.0,7
1761810633437,8484161840110,MAG,1.1533373168444285,-41.344368419877405,-6.760755990491913,0.0,7
1761810633437,8484161840110,ACC,-0.358450758258267,8.501235275004364,4.6009634583558,0.0,7
1761810633437,8484161840110,ROT_VEC,0.17341253948798024,0.010234430683663934,-0.5494429025065554,0.1670558459084625,7
1761810633437,8484161840110,GYRO,-0.07092535659382482,-0.2095922930199049,-0.008774116810939689,0.0,7
1761810633457,8484182179164,GYRO,0.011975363215604435,0.021918988882846085,-0.0029666975750732042,0.0,7
1761810633457,8484182179164,ACC,-1.298028401160482,7.976131383306027,5.970267878430446,0.0,7
1761810633457,8484182179164,ROT_VEC,0.3014075370052916,0.2719821847396015,-0.4647165089947773,0.3276680251806399,7
1761810633457,8484182179164,MAG,23.727652085835846,-47.39800575344323,-22.312148714253013,0.0,7
1761810633477,8484202518217,ROT_VEC,0.3689617613184533,0.3730675256978249,-0.07436797712709625,0.6383569126337575,7
1761810633477,8484202518217,MAG,-9.727382016276314,-37.84073402887527,-1.243861006763458,0.0,7
1761810633477,8484202518217,ACC,-1.5373303106782839,8.139934992285161,5.532682884938314,0.0,7
1761810633477,8484202518217,GYRO,0.0650790091388854,-0.12043422476565005,0.003471803875898673,0.0,7
1761810633498,8484222857271,ROT_VEC,0.20173681371704816,0.1432540476733049,-0.3570424783670322,0.4792063202092945,7
1761810633498,8484222857271,MAG,40.82555446129014,-25.78846236285835,-22.272117702644476,0.0,7
1761810633498,8484222857271,ACC,-1.653903531577949,7.19886722212859,5.5077815427068515,0.0,7
1761810633498,8484222857271,GYRO,-0.04535829874581862,-0.017447379848872485,0.0037349505518102016,0.0,7
1761810633518,8484243196324,ROT_VEC,0.11164977277535071,0.2248564996956112,1.02801168160443,0.7382337169381032,7
1761810633518,8484243196324,ACC,-1.0794322448858777,9.718493719350437,3.0990325280399356,0.0,7
1761810633518,8484243196324,MAG,13.780863480712611,-5.9614820374595165,-11.993560148385395,0.0,7
1761810633518,8484243196324,GYRO,-0.04481775975141206,0.037417235526298234,0.0045006856430970105,0.0,7
1761810633538,8484263535378,GYRO,-0.014581657834767408,-0.024915102232672917,-0.03305074404051131,0.0,7
1761810633538,8484263535378,ACC,-0.07690890455379043,10.099859817399665,3.89134990331537,0.0,7
1761810633538,8484263535378,ROT_VEC,0.22316543230856387,-0.3624923271360186,0.27675125325267264,0.5475270156227502,7
1761810633538,8484263535378,MAG,26.347496640331247,-34.66696953818826,-34.52839117111094,0.0,7
1761810633559,8484283874431,GYRO,-0.018582502046690104,0.04464572575765871,0.02803223557623076,0.0,7
1761810633559,8484283874431,ACC,-1.9055263392375694,7.026635608456248,5.69531651786093,0.0,7
1761810633559,8484283874431,ROT_VEC,0.2260958764442241,-0.012325537901055783,0.4349251617305895,0.4968731123890232,7
1761810633559,8484283874431,MAG,27.765832213672237,-20.726755680742105,-12.8045430261221,0.0,7
1761810633579,8484304213485,GYRO,0.02161654653729502,-0.14132121729170052,0.009331576922558473,0.0,7
1761810633579,8484304213485,ACC,-1.1083095589378233,9.6079431805424,6.0262858205129675,0.0,7
1761810633579,8484304213485,ROT_VEC,0.2605497460310754,0.08596817019838507,-0.5473537196319328,0.20373808024963283,7
1761810633579,8484304213485,MAG,10.375911491526336,-24.88482171561231,-19.830953958992776,0.0,7
1761810633599,8484324552538,ROT_VEC,0.28597197909166316,0.3186812907808827,-0.7561972640471264,0.40972384071458845,7
1761810633599,8484324552538,ACC,-1.8215498658577969,7.412060300398596,5.877667117359488,0.0,7
1761810633599,8484324552538,GYRO,-0.060614991269585056,0.1417122889585532,-0.0001393814977466686,0.0,7
1761810633599,8484324552538,MAG,14.399135898079876,-30.16218600277483,-6.822770538795606,0.0,7
1761810633620,8484344891592,MAG,-22.251819802334644,-9.736323444481942,-6.298230051526735,0.0,7
1761810633620,8484344891592,ACC,-1.1548039537098855,6.8357435259476516,5.344668442688582,0.0,7
1761810633620,8484344891592,GYRO,-0.09303726148055226,0.06446040561655013,-0.0038040718269422742,0.0,7
1761810633620,8484344891592,ROT_VEC,0.17944042256300427,0.2288064462890837,-0.1354596460575046,0.5363154181583214,7
1761810633640,8484365230645,MAG,3.4017620172070524,-27.932829202999166,-18.690906472843746,0.0,7
1761810633640,8484365230645,ACC,-0.9778718674268341,7.148578078306611,4.752579036007877,0.0,7
1761810633640,8484365230645,GYRO,0.014356053610866115,0.0006765668754253017,-0.0019714284066848957,0.0,7
1761810633640,8484365230645,ROT_VEC,0.18625250682154607,0.6061617490455419,-1.5798903794339423,0.5198051040629866,7
1761810633660,8484385569699,ACC,-2.127949824715484,7.482523958921731,5.432785798020859,0.0,7
1761810633660,8484385569699,ROT_VEC,0.2718494646009264,-0.07429776438173423,0.19515526497288666,0.5320187784490608,7
1761810633660,8484385569699,MAG,15.59613459627916,-39.02736793640075,-15.044086960660518,0.0,7
1761810633660,8484385569699,GYRO,0.012996307575360397,-0.006820594067844243,0.021664555838101264,0.0,7
1761810633681,8484405908752,GYRO,0.017107483916378854,-0.15190107006622042,0.015731289097103158,0.0,7
1761810633681,8484405908752,ROT_VEC,0.12513604645287185,0.2531584415864391,-0.12497141152557704,0.6223825465463833,7
1761810633681,8484405908752,ACC,-0.5353650927155735,8.20779429615198,4.154687265670231,0.0,7
1761810633681,8484405908752,MAG,27.265649988044167,-37.811328096090286,-24.45595463008825,0.0,7
1761810633701,8484426247806,ROT_VEC,0.23011662494106394,0.3938247224304148,-0.01772550558701695,0.3080700677796039,7
1761810633701,8484426247806,GYRO,-0.03749052280098161,-0.1444967029961354,0.013780463969772025,0.0,7
1761810633701,8484426247806,MAG,15.26583133827896,-48.89613295149783,4.335252822131812,0.0,7
1761810633701,8484426247806,ACC,-2.0669054879886866,8.607892322791232,5.865162781102615,0.0,7
1761810633721,8484446586860,ROT_VEC,0.43758714195983645,-0.49325440172600504,-0.4951439845196618,0.31463758931348496,7
1761810633721,8484446586860,GYRO,0.04040421708120503,0.05017780689121323,-0.024613921111986823,0.0,7
1761810633721,8484446586860,ACC,-0.651780481382241,7.876652049158984,3.7398143622174436,0.0,7
1761810633721,8484446586860,MAG,29.175124141348583,-28.917167622494325,-8.000834159661743,0.0,7
1761810633742,8484466925913,MAG,23.5103638792328,-24.70382703273772,2.3458461455277186,0.0,7
1761810633742,8484466925913,ROT_VEC,0.3069177091967702,0.46858411057886645,-0.20495120410171563,0.5872768555375348,7
1761810633742,8484466925913,GYRO,0.06326028299335536,0.02870834718885174,0.00278577904008619,0.0,7
1761810633742,8484466925913,ACC,-1.256632715919003,7.467767433611912,6.437219545839183,0.0,7
1761810633762,8484487264967,ACC,-0.5700518266684399,6.704682164388251,4.646771178144886,0.0,7
1761810633762,8484487264967,MAG,-5.477979192126934,-17.381286791535103,0.8398954980211142,0.0,7
1761810633762,8484487264967,GYRO,0.08527400531993945,-0.06897078881858186,-0.0076470845861144054,0.0,7
1761810633762,8484487264967,ROT_VEC,0.2548239714204796,0.6218597038125981,-0.7612992720548738,0.32723845520830114,7
1761810633782,8484507604020,ROT_VEC,0.20258942547741687,-0.5820222658733131,-0.1734872934365136,0.5580599275633947,7
1761810633782,8484507604020,MAG,-18.649319315633676,-34.752846687349496,-3.0530305176956465,0.0,7
1761810633782,8484507604020,ACC,-1.676931841787049,8.339621399559368,5.503259072029519,0.0,7
1761810633782,8484507604020,GYRO,0.008539789303219879,-0.02601783133476002,0.02239421598211955,0.0,7
1761810633803,8484527943074,ROT_VEC,0.3411469899954887,0.816508832275085,-0.2026590112784608,0.1160330383756341,7
1761810633803,8484527943074,MAG,21.30078022056716,-26.01765412532398,-24.63236912813509,0.0,7
1761810633803,8484527943074,ACC,-0.19807248876164535,9.324466653667058,5.226234525129473,0.0,7
1761810633803,8484527943074,GYRO,-0.06867720220162649,-0.07832691624107689,-0.016204916369873153,0.0,7
1761810633823,8484548282127,MAG,16.97407359189327,-14.854142796125824,-9.44452975345155,0.0,7
1761810633823,8484548282127,GYRO,-0.03974715542189583,0.031418284178803074,-0.01421959853507691,0.0,7
1761810633823,8484548282127,ROT_VEC,0.36121270158057234,-0.5131508169643602,-0.3864694422616145,0.474625883303248,7
1761810633823,8484548282127,ACC,-1.502136263080335,5.9839086642374015,6.447556348860193,0.0,7
1761810633843,8484568621181,MAG,-1.3761481797657398,-42.90017197316805,-7.32464055413001,0.0,7
1761810633843,8484568621181,GYRO,-0.030678185145221942,-0.15587542195572693,0.015507467096725475,0.0,7
1761810633843,8484568621181,ACC,-0.011772184649293305,9.494604533058869,5.227039472977162,0.0,7
1761810633843,8484568621181,ROT_VEC,0.27335541703405275,0.17838970722751282,0.025153152759629704,0.547101006442706,7
1761810633864,8484588960234,GYRO,0.02321584007351586,-0.13495394301456495,0.018142848699577586,0.0,7
1761810633864,8484588960234,MAG,5.120483766767835,-11.168875241341787,-3.7090179017111424,0.0,7
1761810633864,8484588960234,ACC,0.13479291053126885,9.510242589620558,5.2907021673216885,0.0,7
1761810633864,8484588960234,ROT_VEC,0.18159342483929752,0.05629817739934696,0.605815796616878,0.444478848457099,7
1761810633884,8484609299288,MAG,36.68457988582664,-19.73454470640041,-4.248596645535075,0.0,7
1761810633884,8484609299288,GYRO,0.0131064017486002,-0.24516075202133966,0.019251960181148196,0.0,7
1761810633884,8484609299288,ACC,-1.1150832855066213,6.715788560908814,4.075482925909002,0.0,7
1761810633884,8484609299288,ROT_VEC,0.2816275946323139,0.044719190782785675,-0.18811796164580913,0.5806718524799714,7
1761810633904,8484629638341,MAG,20.896131757012895,-60.76239259679332,5.851430118858216,0.0,7
1761810633904,8484629638341,ACC,0.041048133571653864,9.003493294980302,5.836497580557412,0.0,7
1761810633904,8484629638341,GYRO,0.005343157713415851,0.10691937599009002,-0.0010153724508749841,0.0,7
1761810633904,8484629638341,ROT_VEC,0.29488286363571564,-0.205434098400331,-0.7229611075852631,0.6080476036755905,7
1761810633925,8484649977395,ROT_VEC,0.3980887238293419,-0.029987985003017206,0.5026018367052755,0.18280169663978463,7
1761810633925,8484649977395,MAG,28.107145455003252,-19.181739854846835,-10.807319377133767,0.0,7
1761810633925,8484649977395,GYRO,0.00993563418181963,0.038635561643030766,0.003145421898348914,0.0,7
1761810633925,8484649977395,ACC,-1.5828346735712482,8.55805895748104,5.324373691934093,0.0,7
1761810633945,8484670316448,ACC,-0.8428123886132408,9.205278299846343,6.067988130813639,0.0,7
1761810633945,8484670316448,MAG,-5.580735690456507,-32.99433904061558,-12.745247093885043,0.0,7
1761810633945,8484670316448,GYRO,0.027258350731994327,-0.0017880785167787231,0.006389425079584907,0.0,7
1761810633945,8484670316448,ROT_VEC,0.2841773800993401,0.23815546312763633,-0.4462190695204149,0.3240678653039131,7
1761810633965,8484690655502,GYRO,-0.06002514090947398,-0.02252999941680498,0.021205334111218575,0.0,7
1761810633965,8484690655502,ROT_VEC,0.24200832544277417,0.2486997482276159,-0.632400955828766,0.7155009377260689,7
1761810633965,8484690655502,ACC,-1.4921379719579033,8.311168890030316,4.479839073536761,0.0,7
1761810633965,8484690655502,MAG,-2.8420131183825004,-32.152556058915145,-10.488553322439465,0.0,7
1761810633986,8484710994556,MAG,31.578272154921656,-29.93691564606162,-12.420669537586837,0.0,7
1761810633986,8484710994556,GYRO,0.0034145703351703095,-0.026330557537734105,-0.008629044994872374,0.0,7
1761810633986,8484710994556,ROT_VEC,0.23781696763515808,-0.18230783787366922,-0.833257869180341,0.6135640355228655,7
1761810633986,8484710994556,ACC,-0.5170742629118384,6.967034893281616,5.404228282003,0.0,7
1761810634006,8484731333609,GYRO,0.041453972927398136,0.03126995170953847,-0.015268638098844227,0.0,7
1761810634006,8484731333609,ACC,-0.4210680781747786,7.705373145068097,4.947498129157782,0.0,7
1761810634006,8484731333609,MAG,14.194607526379038,-30.831969874815222,-7.616602610994136,0.0,7
1761810634006,8484731333609,ROT_VEC,0.16662201537165217,0.13805422687652072,-0.10031380642078755,0.3735018132610615,7
1761810634026,8484751672663,ACC,-1.1329354715049278,8.17638319519917,5.618368873811848,0.0,7
1761810634026,8484751672663,ROT_VEC,0.1501932006446465,-0.014731094585641293,-0.814511816857439,0.1709409111699206,7
1761810634026,8484751672663,GYRO,-0.022089941209248443,-0.10619539861016311,0.02628063303321812,0.0,7
1761810634026,8484751672663,MAG,7.633722995683845,-26.679423798805693,3.0953203042207074,0.0,7
1761810634047,8484772011716,ACC,-0.9545330667522263,7.979524941109284,5.6555226346185865,0.0,7
1761810634047,8484772011716,ROT_VEC,0.16891202885065026,0.4996622870656377,-0.825993909636792,0.3038378698082369,7
1761810634047,8484772011716,GYRO,-0.07339325183734037,-0.02465385297578985,-0.04890934309345827,0.0,7
1761810634047,8484772011716,MAG,36.23839507020259,-28.595239151762232,-23.331721700198226,0.0,7
1761810634067,8484792350770,GYRO,-0.053447924254478564,0.05055399344263427,-0.026140395361123916,0.0,7
1761810634067,8484792350770,ACC,0.38550629130988456,5.469703088876667,5.863003559956495,0.0,7
1761810634067,8484792350770,ROT_VEC,0.24599737617378448,0.8379583083159723,-0.8560403495922843,0.2526717039997376,7
1761810634067,8484792350770,MAG,14.30586017852352,-22.497665227318077,-2.994681009374708,0.0,7
1761810634087,8484812689823,MAG,21.687774036669122,-51.438063261436895,-14.990442392239814,0.0,7
1761810634087,8484812689823,ROT_VEC,0.16445836410316736,-0.23830012708149068,-0.2471068901658862,0.5520765326751887,7
1761810634087,8484812689823,GYRO,-0.030639792868484065,-0.09553967962786282,0.017167367562847372,0.0,7
1761810634087,8484812689823,ACC,-0.595491217236861,8.600548128977886,4.8204444494516325,0.0,7
1761810634108,8484833028877,ROT_VEC,0.3127948145808024,0.07799799401584365,-0.20645484484035587,0.6196446290732052,7
1761810634108,8484833028877,GYRO,0.09543008580454042,-0.11991684189197353,-0.008518948223001734,0.0,7
1761810634108,8484833028877,MAG,44.555441198356874,-50.71429371440873,-12.049220809535209,0.0,7
1761810634108,8484833028877,ACC,-1.0915837608629857,8.161134413255612,6.410549141128366,0.0,7
1761810634128,8484853367930,GYRO,0.03358631447020489,-0.10946703118485585,-0.023923899253251106,0.0,7
1761810634128,8484853367930,MAG,16.13998733025259,-35.65692301624776,-12.855582774018378,0.0,7
1761810634128,8484853367930,ACC,0.22328869234119483,6.495095364350309,6.057918366226456,0.0,7
1761810634128,8484853367930,ROT_VEC,0.17811983612594806,0.22922912890451483,-0.02074435377277191,0.17247353686509237,7
1761810634148,8484873706984,GYRO,-0.010589094109738918,-0.21235102302496722,-0.03132337769301893,0.0,7
1761810634148,8484873706984,ROT_VEC,0.24711116226136273,-0.2655186664829807,0.1966157741669487,0.6986480553661331,7
1761810634148,8484873706984,ACC,-0.5962146023125976,6.520562516742547,6.117837091383186,0.0,7
1761810634148,8484873706984,MAG,11.492417536382566,-30.044258838621897,-10.713698223427285,0.0,7
1761810634169,8484894046037,GYRO,-0.014855331898577013,-0.12308076078146488,0.029585530313029587,0.0,7
1761810634169,8484894046037,ROT_VEC,0.25814131433597276,0.32990287771685756,-0.45256211873878877,0.26052431388124786,7
1761810634169,8484894046037,MAG,33.79375868182045,-33.5917536523724,-15.374488374306825,0.0,7
1761810634169,8484894046037,ACC,-0.9948037914961272,6.857755550915585,8.095059113158554,0.0,7
1761810634189,8484914385091,MAG,-11.388009261091149,-44.23165483281987,-11.769007535274879,0.0,7
1761810634189,8484914385091,ACC,-2.067739196448606,9.418800703509792,7.066944351558146,0.0,7
1761810634189,8484914385091,GYRO,0.022005212665819045,-0.034678822054621056,-0.0063824593585636285,0.0,7
1761810634189,8484914385091,ROT_VEC,0.254180553712155,-0.01979783689954913,-0.5178497320973636,0.2501916244449438,7
1761810634493,8485218068485,ACC,0.01734944138733528,-0.07167068655782616,-0.03343817345744991,0.0,
1761810634493,8485218068485,MAG,0.1825903599451546,-0.004131758290241253,0.0828198195739067,0.0,
1761810634493,8485218068485,GYRO,-0.07337815847916078,-0.1292994549322772,-0.03306823295869614,0.0,
1761810634493,8485218068485,ROT_VEC,-0.05216221729053999,0.06614640135998218,0.19270212968614084,0.0,
1761810634796,8485521751879,ACC,-0.9099393477606583,7.937753305376446,3.5620417538656928,0.0,7
1761810634796,8485521751879,GYRO,-0.08164482061070968,0.07517078106992621,-0.021914402928344574,0.0,7
1761810634796,8485521751879,ROT_VEC,0.07364984827708299,-0.5931931359065169,0.10324152638031936,0.37906485985388405,7
1761810634796,8485521751879,MAG,19.0725587589572,-36.573587110067216,-20.277986304287943,0.0,7
1761810634817,8485542176480,GYRO,0.13057130022857721,-0.09392667880426842,0.0078331304030515,0.0,7
1761810634817,8485542176480,MAG,24.370840746066072,-26.446625715818612,-15.21990623903615,0.0,7
1761810634817,8485542176480,ROT_VEC,0.07032291263524376,0.18708543940528358,0.02396271613960034,0.3851329634279577,7
1761810634817,8485542176480,ACC,-1.4500734639784427,5.954516234229154,5.178188140504506,0.0,7
1761810634837,8485562601082,ACC,-1.5254936432712611,10.104503807501695,4.289520142790854,0.0,7
1761810634837,8485562601082,GYRO,0.019973871026143883,-0.11182985325474992,0.010481762186341767,0.0,7
1761810634837,8485562601082,MAG,-8.676082844448072,-49.40790519313543,1.2879734526177085,0.0,7
1761810634837,8485562601082,ROT_VEC,0.42253964918447967,0.137076298121133,-0.4858311368764631,0.5378967209276464,7
1761810634858,8485583025683,GYRO,0.014542738024585257,0.2214815512235538,-0.006081982777608498,0.0,7
1761810634858,8485583025683,ACC,-1.5779026379590886,7.619397332529131,4.836895632657503,0.0,7
1761810634858,8485583025683,ROT_VEC,0.27625416913508377,0.16263725660012263,1.2403822391532018,0.5635074752960901,7
1761810634858,8485583025683,MAG,22.47014011642684,-29.228904786571007,-15.539879228998814,0.0,7
1761810634878,8485603450285,ROT_VEC,0.2894084629896803,0.07669964717553662,-0.8615754861461167,0.43264628237449565,7
1761810634878,8485603450285,GYRO,-0.0017348669023597163,0.08145280424108846,0.00017566883401790132,0.0,7
1761810634878,8485603450285,ACC,0.19483543282803145,6.3294005678933,4.8348465060959605,0.0,7
1761810634878,8485603450285,MAG,30.71948962035617,-25.51421193525067,-16.864193116533762,0.0,7
1761810634899,8485623874886,GYRO,0.08198904607350141,0.04899156267570956,0.0016764846624911548,0.0,7
1761810634899,8485623874886,ACC,-0.36782957245951486,8.514495584825273,3.4134304490591534,0.0,7
1761810634899,8485623874886,MAG,14.882082563634182,-12.599167784373098,-8.087973884405917,0.0,7
1761810634899,8485623874886,ROT_VEC,0.18161396169916216,0.1254433514479779,-1.5578440481932496,0.30076144896344154,7
1761810634919,8485644299488,ROT_VEC,0.20298574090017232,0.02223551337400609,-0.3623153849198819,0.5510441075328697,7
1761810634919,8485644299488,MAG,39.724233605078055,-41.73397200060773,0.7952901918474959,0.0,7
1761810634919,8485644299488,ACC,-1.6548497745916546,8.759831577481089,5.158333121368508,0.0,7
1761810634919,8485644299488,GYRO,-0.11617642675179875,0.06493247414500154,0.002563924306740682,0.0,7
1761810634939,8485664724089,GYRO,0.061976332019735805,0.045323378195379266,-0.00063660849256968,0.0,7
1761810634939,8485664724089,ROT_VEC,0.3445533489858276,-0.34611553955782826,-0.29055644267488917,0.577205356187882,7
1761810634939,8485664724089,MAG,21.14234887482421,-41.12070110434335,-15.591304194555306,0.0,7
1761810634939,8485664724089,ACC,-1.2455031485032382,8.235013467568095,3.9962691588399792,0.0,7
1761810634960,8485685148691,GYRO,-0.09170826234060334,0.17239256540690415,0.014547001777945573,0.0,7
1761810634960,8485685148691,ROT_VEC,0.2424686223450154,0.025561860096046503,-1.5694018315281568,0.3404724765491934,7
1761810634960,8485685148691,ACC,-0.4110662411309629,4.899797193633545,4.759393893822323,0.0,7
1761810634960,8485685148691,MAG,33.702533386443484,-32.34346577370931,-8.733259535883594,0.0,7
1761810634980,8485705573292,MAG,36.49348761402256,-33.22178974196647,-8.768695212132943,0.0,7
1761810634980,8485705573292,ACC,-0.2222653029877612,8.23701696550405,5.357551462141033,0.0,7
1761810634980,8485705573292,GYRO,0.06947803122001088,0.012052422707969773,-0.008949840729069798,0.0,7
1761810634980,8485705573292,ROT_VEC,0.25852412042424333,0.13533504107153188,-0.7104042907943477,0.14771950567029954,7
1761810635001,8485725997893,ACC,-1.291467255304976,9.510135799653455,5.74346187280484,0.0,7
1761810635001,8485725997893,MAG,-9.027903087259796,-10.420224397226269,-6.756958725378805,0.0,7
1761810635001,8485725997893,GYRO,0.020429530714101616,-0.13282026786618017,0.007364800050574764,0.0,7
1761810635001,8485725997893,ROT_VEC,0.2964682307035589,0.043456833344057116,-0.02654208400151105,0.36576332920388327,7
1761810635021,8485746422495,ROT_VEC,0.17541290611716565,-0.2908150624980268,0.2796701437005396,0.2467930786674878,7
1761810635021,8485746422495,MAG,30.60279279860944,-30.545535048318794,-5.085536008499,0.0,7
1761810635021,8485746422495,GYRO,-0.026318476498678287,0.033374270747564834,-0.014733182909992301,0.0,7
1761810635021,8485746422495,ACC,-1.6157559464711162,4.503248213760691,5.074777295074928,0.0,7
1761810635042,8485766847096,ROT_VEC,0.10310260605602387,-0.030463319318666443,-0.9966661266588015,0.5247887985615242,7
1761810635042,8485766847096,ACC,-2.026761002019869,6.504470929856246,5.819523260606221,0.0,7
1761810635042,8485766847096,GYRO,-0.04818705618508665,0.12264410419871836,-0.019716527116881915,0.0,7
1761810635042,8485766847096,MAG,-5.305586582134259,-24.526823810917247,-15.595896981401348,0.0,7
1761810635062,8485787271698,MAG,-3.372862127524396,-18.11112228315403,3.123266824904351,0.0,7
1761810635062,8485787271698,ROT_VEC,0.1216545428419083,0.13566737338518448,0.22823960426216142,-0.026438984527272155,7
1761810635062,8485787271698,ACC,-0.727277529943997,7.803799179266795,4.00941395178782,0.0,7
1761810635062,8485787271698,GYRO,0.04798263900150662,-0.00341085908788678,0.004348910585166002,0.0,7
1761810635082,8485807696299,ROT_VEC,0.26610837224559725,-0.008678585996540804,-0.6063502612813971,0.6071324596478572,7
1761810635082,8485807696299,ACC,-2.0589854364323363,5.060152434063096,4.242767132362465,0.0,7
1761810635082,8485807696299,MAG,25.378370806154255,-19.99078801761835,-10.51309399022246,0.0,7
1761810635082,8485807696299,GYRO,-0.059195480051717916,-0.19066615741886908,0.01809800486572429,0.0,7
1761810635103,8485828120901,ACC,-1.0236228539304795,7.6886813441390185,7.100944080699934,0.0,7
1761810635103,8485828120901,ROT_VEC,0.15307695516413533,-0.40382867351094864,-0.6781119470322807,0.35601713915783306,7
1761810635103,8485828120901,MAG,11.344323897907136,-41.28824162836738,0.15843948877812286,0.0,7
1761810635103,8485828120901,GYRO,0.024139499696938065,0.11915711166591328,-0.014239100343779312,0.0,7
1761810635123,8485848545502,ACC,-1.244977964214641,9.350355234171593,5.597753863852509,0.0,7
1761810635123,8485848545502,GYRO,-0.02112755102169249,0.003733286587414515,-0.031519188731876424,0.0,7
1761810635123,8485848545502,ROT_VEC,0.18312206616598625,-0.17976978106238772,0.7985854259442217,0.6106194616707394,7
1761810635123,8485848545502,MAG,3.8655530832537153,-24.272721001396565,-20.643408027141767,0.0,7
1761810635144,8485868970104,GYRO,0.0450369303899804,-0.17967700894314048,0.026840235316679506,0.0,7
1761810635144,8485868970104,ROT_VEC,0.10720108004910037,-0.24634783029709773,-0.5212600437281295,0.5512006667586815,7
1761810635144,8485868970104,ACC,-0.6050372724106178,7.783943955333772,5.973103214733358,0.0,7
1761810635144,8485868970104,MAG,30.17633480177782,-26.073596892454336,-9.839080136176978,0.0,7
1761810635164,8485889394705,GYRO,-0.0008862469466377407,0.035409262878780365,-0.0017213757557396608,0.0,7
1761810635164,8485889394705,ACC,-1.0230783000411208,7.07426636729981,4.167863485301285,0.0,7
1761810635164,8485889394705,MAG,27.180888906148517,-11.010715405516555,-14.956931143076872,0.0,7
1761810635164,8485889394705,ROT_VEC,0.3280997457020034,0.06493826498844242,0.5905865043748411,0.5650900054927022,7
1761810635185,8485909819307,ROT_VEC,0.2145492508991141,-0.5114199450133112,0.0312670038842746,0.6176369033083099,7
1761810635185,8485909819307,GYRO,-0.06574178981530321,-0.038810792599570806,-0.013821063646051585,0.0,7
1761810635185,8485909819307,MAG,-5.935436911149608,-21.503245982751555,-14.12295624575142,0.0,7
1761810635185,8485909819307,ACC,-1.4131777183648657,5.075182837478463,7.375751100629137,0.0,7
1761810635205,8485930243908,ACC,-1.6203738002764592,5.71926013920472,5.382084830988367,0.0,7
1761810635205,8485930243908,ROT_VEC,0.3691621293176262,-0.3339414067528677,-0.101270936531398,0.16962922095561264,7
1761810635205,8485930243908,MAG,45.85278978434819,-13.041411195143166,-2.2770431668290505,0.0,7
1761810635205,8485930243908,GYRO,-0.06740364319490082,0.12370296694315301,-0.011895173581476993,0.0,7
1761810635225,8485950668510,GYRO,-0.06269939747962319,0.035761193859064414,0.004446654056575652,0.0,7
1761810635225,8485950668510,ROT_VEC,0.1764389844913863,-0.5153987092396727,-0.4497752318560367,0.43512789051936596,7
1761810635225,8485950668510,MAG,2.810279076280899,-22.108891710489985,-7.125870536160368,0.0,7
1761810635225,8485950668510,ACC,0.08419214462238034,8.797998296763915,6.152537207417163,0.0,7
1761810635246,8485971093111,ACC,0.015457556140553441,6.672751658801271,5.127596248148388,0.0,7
1761810635246,8485971093111,GYRO,-0.07551612507292903,-0.08700981091105019,-0.03288640448811503,0.0,7
1761810635246,8485971093111,MAG,19.458591569639644,-41.30508887354822,-30.22770452557855,0.0,7
1761810635246,8485971093111,ROT_VEC,0.23652639242326795,0.21220433908856468,0.5774789402343774,0.4355863718626842,7
1761810635266,8485991517713,ACC,-1.1456498787733773,8.947724673245341,7.893534471573295,0.0,7
1761810635266,8485991517713,MAG,21.320453452486163,-29.090072507339666,-39.504412036647956,0.0,7
1761810635266,8485991517713,GYRO,0.07015717279183711,-0.03811899786924883,-0.00924450237421567,0.0,7
1761810635266,8485991517713,ROT_VEC,0.2176491054381492,0.46391787865251194,0.3779052871882579,0.47705367112264496,7
1761810635287,8486011942314,ROT_VEC,0.27179075663547403,-0.45673847533455875,-0.9360796053226297,0.380498605673196,7
1761810635287,8486011942314,GYRO,0.014863587745945699,-0.050976407916435144,-0.010853092400193949,0.0,7
1761810635287,8486011942314,ACC,-0.1540992404935615,10.874135725897366,5.234532678794164,0.0,7
1761810635287,8486011942314,MAG,34.18988899124903,-18.83661609582139,-15.63180576516271,0.0,7
1761810635307,8486032366916,ROT_VEC,0.29611234916456325,-0.8149959004919441,-0.8596887648795499,0.2264146033430847,7
1761810635307,8486032366916,GYRO,-0.0672967394050405,-0.17643337723787045,0.01596121852885938,0.0,7
1761810635307,8486032366916,ACC,-1.638891121684588,9.554951811812598,5.892246874064634,0.0,7
1761810635307,8486032366916,MAG,21.044784456532916,-30.44580494874798,-11.52289519230159,0.0,7
1761810635327,8486052791517,GYRO,0.0022077142850766207,0.17190612659302276,0.011565172682668975,0.0,7
1761810635327,8486052791517,ROT_VEC,0.09340130038664998,0.4562040156568399,-0.35211523395332134,0.3411213142240119,7
1761810635327,8486052791517,MAG,15.33747461579278,-19.24478618000918,-12.108631609044181,0.0,7
1761810635327,8486052791517,ACC,-0.41844705544839084,7.218080982442344,5.339422926796763,0.0,7
1761810635348,8486073216119,GYRO,0.06265396521895579,0.1749034139899546,0.008563672375048946,0.0,7
1761810635348,8486073216119,MAG,21.79735901913147,-39.74664563190671,-15.041516964479362,0.0,7
1761810635348,8486073216119,ROT_VEC,0.055495085772669074,0.3132444499338867,-0.181832174655087,0.5839643132168829,7
1761810635348,8486073216119,ACC,-0.6448024975320737,9.137793287747964,7.78599772967052,0.0,7
1761810635368,8486093640720,MAG,4.778233519276297,-30.026525616023218,-14.286123433132122,0.0,7
1761810635368,8486093640720,ACC,-0.20783314550568266,8.31887429283778,3.499666418327544,0.0,7
1761810635368,8486093640720,ROT_VEC,0.2394105429410732,-0.40446414647290685,0.10881543845778066,0.017068040573692794,7
1761810635368,8486093640720,GYRO,0.001977063160155572,0.06394705025310618,-0.026780316091316893,0.0,7
1761810635389,8486114065322,GYRO,0.046669888197430225,0.1247909816906042,0.02175191903292673,0.0,7
1761810635389,8486114065322,ACC,-0.9768951025535988,8.164465853025526,5.179245298363776,0.0,7
1761810635389,8486114065322,ROT_VEC,0.14733478091921853,-0.23615419087586342,-0.4682133831059374,0.23964865547613468,7
1761810635389,8486114065322,MAG,21.91260965188017,-28.824567892764513,-12.039012958541338,0.0,7
1761810635409,8486134489923,ROT_VEC,0.1340642952373741,0.017885569491149788,0.45296535732267296,0.45937008949130287,7
1761810635409,8486134489923,MAG,24.18250185640342,-49.5535069059202,10.851798069150568,0.0,7
1761810635409,8486134489923,ACC,0.7948451395208991,6.147686312186209,4.663557335469412,0.0,7
1761810635409,8486134489923,GYRO,0.013053383355849591,-0.06886304638672187,-0.005076548624619482,0.0,7
1761810635430,8486154914525,ROT_VEC,0.2382720727140579,0.17330994656263585,0.38113762941610707,0.7057236852014912,7
1761810635430,8486154914525,GYRO,-0.03975809570858903,0.03424979957889273,0.024628846831186317,0.0,7
1761810635430,8486154914525,MAG,24.824536128854405,-28.98022215772588,-20.664943867677785,0.0,7
1761810635430,8486154914525,ACC,-0.4060214607212934,9.506295785656897,5.460081695794403,0.0,7
1761810635450,8486175339126,GYRO,0.00872141431612624,-0.17051125875542836,-0.02793085078802424,0.0,7
1761810635450,8486175339126,ACC,-1.4864374082522362,8.049753448409534,4.085843293598262,0.0,7
1761810635450,8486175339126,MAG,22.722194603475725,-23.54012598281833,-16.763529849466316,0.0,7
1761810635450,8486175339126,ROT_VEC,0.12485412777502566,0.010228404185569112,0.5581825110169751,0.7788671183604936,7
1761810635470,8486195763728,ACC,-0.5101725764748644,5.585132856907996,5.102120375190495,0.0,7
1761810635470,8486195763728,MAG,11.75309488303419,-20.033569965093058,-15.602669807971205,0.0,7
1761810635470,8486195763728,ROT_VEC,0.26948150444889696,0.8441816035689503,-0.19050905070065582,0.5082464890640155,7
1761810635470,8486195763728,GYRO,0.047525726100542925,-0.05786495105816121,-0.006871546697134011,0.0,7
1761810635491,8486216188329,ROT_VEC,0.3238423402651985,0.11961535546549981,-0.9153590420911575,0.7258115152013919,7
1761810635491,8486216188329,MAG,-1.7514494375479948,-20.62342485448761,-20.26891469465721,0.0,7
1761810635491,8486216188329,GYRO,-0.03705617116921754,-0.09019344367805503,-0.004444567141711402,0.0,7
1761810635491,8486216188329,ACC,0.015948260276447912,9.399192832420308,5.446615580427454,0.0,7
1761810635511,8486236612931,ROT_VEC,0.19660665701363056,0.3628202730126583,-2.1684846760519045,0.2766733942176494,7
1761810635511,8486236612931,MAG,19.329607427557214,-10.504302277291762,-11.95363725413337,0.0,7
1761810635511,8486236612931,ACC,-0.2824265371766741,8.209941856599045,5.890251922944871,0.0,7
1761810635511,8486236612931,GYRO,0.037314898369412985,-0.0728496019004692,-0.007950388938587405,0.0,7
1761810635532,8486257037532,ROT_VEC,0.23816068737104298,0.2680876696243209,-0.14972087994755287,0.32440487948856683,7
1761810635532,8486257037532,ACC,-0.7000685519300195,6.57342001771734,3.6894154576601546,0.0,7
1761810635532,8486257037532,GYRO,0.03293545899531011,-0.10123193092231168,-0.02097576849996561,0.0,7
1761810635532,8486257037532,MAG,16.389171981576286,-29.978647747596355,-5.930673563415981,0.0,7
1761810635552,8486277462133,MAG,-7.303218682589895,-49.16648700694506,-5.975098107015037,0.0,7
1761810635552,8486277462133,GYRO,-0.03154309141360716,0.12527500892721152,-0.01481765056265573,0.0,7
1761810635552,8486277462133,ACC,-1.8075738739614242,6.607939078998745,5.249519796475619,0.0,7
1761810635552,8486277462133,ROT_VEC,0.26789853526515456,0.08580833658046114,0.11922676179621004,0.38666085821703466,7
1761810635573,8486297886735,GYRO,-0.014347923166982395,-0.15265189848077731,0.011621794261938052,0.0,7
1761810635573,8486297886735,ACC,-0.6618593380596746,7.434736268230019,4.487734049374661,0.0,7
1761810635573,8486297886735,MAG,39.42234913261243,-37.71335644616123,-17.840543175186344,0.0,7
1761810635573,8486297886735,ROT_VEC,0.26249880561117395,0.8576977269767713,-0.4311234655335687,0.363224470145198,7
1761810635593,8486318311336,GYRO,-0.07209225842619114,-0.11975846961062117,-0.006153177143968709,0.0,7
1761810635593,8486318311336,MAG,7.99074976128588,-14.148870452006568,-7.723026165672961,0.0,7
1761810635593,8486318311336,ROT_VEC,0.2964670414478937,0.5166054372824584,0.5496492106686738,-0.13464486348587798,7
1761810635593,8486318311336,ACC,-1.3905045637965725,8.641432520460233,2.998470886712429,0.0,7
1761810635613,8486338735938,MAG,29.554785304739326,-39.338543323281435,-30.582020741616248,0.0,7
1761810635613,8486338735938,ROT_VEC,0.23922838720672898,0.2698289485212678,0.7712916789585978,0.6231308316881153,7
1761810635613,8486338735938,GYRO,-0.08225446109550177,-0.0714987352523272,-0.010102227493768875,0.0,7
1761810635613,8486338735938,ACC,-1.6816200398754806,5.6803015655678255,5.410315749320449,0.0,7
1761810635634,8486359160539,ACC,-2.971270493860956,7.108690689844732,4.370408218451359,0.0,7
1761810635634,8486359160539,ROT_VEC,0.2835939033461243,-0.12871177590975397,-0.5680653467201906,0.2654910251909524,7
1761810635634,8486359160539,GYRO,0.029318572075209326,-0.13426454732152932,-0.009865772013466141,0.0,7
1761810635634,8486359160539,MAG,10.657024527704303,-49.34003979910413,-33.74192229259245,0.0,7
1761810635654,8486379585141,GYRO,-0.04351680013877582,-0.017807875017508634,-0.014370874414840982,0.0,7
1761810635654,8486379585141,ROT_VEC,0.2448089465032798,-0.17101703249661598,-0.16053060492437937,0.6641108008645434,7
1761810635654,8486379585141,MAG,39.8876094739108,-4.167421069608324,-25.197570681755,0.0,7
1761810635654,8486379585141,ACC,-1.145989867917896,9.127971385758798,6.4447959826449175,0.0,7
1761810635675,8486400009742,GYRO,0.1323251943268018,0.08139705266213064,0.011823047906355598,0.0,7
1761810635675,8486400009742,MAG,2.3172796451049154,-16.355560769984525,4.176187747883458,0.0,7
1761810635675,8486400009742,ACC,-1.4075342662133141,8.333847885655965,5.441411343373373,0.0,7
1761810635675,8486400009742,ROT_VEC,0.36728606008805487,0.28045542335534734,-0.04740279809882373,0.42862123070572933,7
1761810635695,8486420434344,GYRO,-0.04195859236613494,-0.11446602182139812,0.005016574385935007,0.0,7
1761810635695,8486420434344,ACC,-0.8465799874970437,6.414325313412694,5.748313421056866,0.0,7
1761810635695,8486420434344,MAG,-16.18709811032409,-50.51707687416828,-11.44237911343344,0.0,7
1761810635695,8486420434344,ROT_VEC,0.34083403585812555,0.05991484487740993,-0.07725447845688443,0.6358810016970152,7
1761810635716,8486440858945,ROT_VEC,0.25583136438815784,0.33025012381973107,0.6494935594027231,0.4722487443500196,7
1761810635716,8486440858945,MAG,7.6427781899854725,-46.35182350473678,-0.9700948723819764,0.0,7
1761810635716,8486440858945,GYRO,-0.09475401774796739,0.0652131857152049,-0.004899621829539688,0.0,7
1761810635716,8486440858945,ACC,-0.4794066984221834,8.253292808399038,4.578370273463042,0.0,7
1761810635736,8486461283547,ROT_VEC,0.16383225937982757,-0.13293620031433767,0.19037834103721973,0.5022850453358507,7
1761810635736,8486461283547,ACC,-0.7053696712256061,4.381310579303433,4.761554263089309,0.0,7
1761810635736,8486461283547,GYRO,0.062203772191774656,-0.1623371316793923,0.010818224878829474,0.0,7
1761810635736,8486461283547,MAG,7.88342169525032,-30.538689781632396,-11.640787234368258,0.0,7
1761810635756,8486481708148,ROT_VEC,0.23254635593704265,0.1157589078290133,-0.36163118879771816,0.2350413942081146,7
1761810635756,8486481708148,GYRO,0.03977193812417324,-0.03538351821180724,-0.017709295344972762,0.0,7
1761810635756,8486481708148,ACC,-1.961765598605189,7.8330279369066425,4.320790665213959,0.0,7
1761810635756,8486481708148,MAG,33.87639114953924,-18.895640330591462,3.5994335184348705,0.0,7
1761810635777,8486502132750,GYRO,-0.023337477164658928,-0.021452645322315417,-0.017862534820499976,0.0,7
1761810635777,8486502132750,MAG,30.232902371693353,-3.733965699396128,-30.61198486393397,0.0,7
1761810635777,8486502132750,ACC,-2.109569842753203,7.912634524399702,5.750293435823728,0.0,7
1761810635777,8486502132750,ROT_VEC,0.2820524837957376,-0.10529932796430497,0.4904578779258873,0.5201075081707276,7
1761810635797,8486522557351,GYRO,0.010754339406606892,-0.03335234071182473,0.008094088013644219,0.0,7
1761810635797,8486522557351,ROT_VEC,0.3040347642959233,0.3387000788271954,0.3871354574478941,0.41959083507982314,7
1761810635797,8486522557351,MAG,24.189348218012448,-19.515808490693125,-20.347687477458884,0.0,7
1761810635797,8486522557351,ACC,-2.015804116212516,7.9259673199506615,5.405289171548133,0.0,7
1761810635818,8486542981953,ROT_VEC,0.2914012372349028,-0.06644335219601416,-0.27201808418353557,0.0679154884918872,7
1761810635818,8486542981953,MAG,33.082719255755606,-22.41104566708194,5.569885324716993,0.0,7
1761810635818,8486542981953,GYRO,-0.009879326264909442,0.03982962912388768,-0.01618743136131339,0.0,7
1761810635818,8486542981953,ACC,-0.9053227991268542,7.0067267078875375,5.999040295716876,0.0,7
1761810635838,8486563406554,MAG,18.14578443607746,-48.67010402998027,-0.4203024099709003,0.0,7
1761810635838,8486563406554,ACC,-0.44898560349097694,6.222190536018626,3.8323457868056625,0.0,7
1761810635838,8486563406554,GYRO,-0.07662914386679096,-0.08404176763097976,-0.0034630908355846304,0.0,7
1761810635838,8486563406554,ROT_VEC,0.25142722788028804,-0.1688560154358943,0.2670062542460187,0.4095965152208541,7
1761810635859,8486583831156,MAG,13.067003959544312,-33.446564182763495,-12.7294118003091,0.0,7
1761810635859,8486583831156,ROT_VEC,0.14538419033865752,0.2421548720041527,-0.5701404783742963,0.2119181165056186,7
1761810635859,8486583831156,ACC,-1.4933548735556068,6.380214039832189,6.03453513822482,0.0,7
1761810635859,8486583831156,GYRO,-0.012062757284695831,0.0701167935179278,0.03201528109020092,0.0,7
1761810635879,8486604255757,ACC,-1.9772076355246404,8.463818534847379,5.732493085549682,0.0,7
1761810635879,8486604255757,GYRO,0.025167914996131205,-0.03790499920770107,-0.005879480454376164,0.0,7
1761810635879,8486604255757,ROT_VEC,0.24122608475812654,0.6381520793778335,-0.1923091711838152,0.2314014536968855,7
1761810635879,8486604255757,MAG,19.271134582559164,-24.26124929277902,0.9533403957076192,0.0,7
1761810635899,8486624680359,ACC,-1.8540098237284355,5.878886925353446,4.189666241677677,0.0,7
1761810635899,8486624680359,GYRO,-0.016945923207363073,0.16868172597547892,-0.008751722253480795,0.0,7
1761810635899,8486624680359,ROT_VEC,0.0507757763810906,0.059310393425593314,-0.5703904014845175,0.2026847360114297,7
1761810635899,8486624680359,MAG,25.967002315494156,-36.075086482827075,-4.229238864864456,0.0,7
1761810635920,8486645104960,MAG,14.138461079286431,-41.09135662862054,-9.395066173438194,0.0,7
1761810635920,8486645104960,GYRO,0.007022845303741855,-0.011815998389479318,-0.012199431501129183,0.0,7
1761810635920,8486645104960,ACC,-0.576978189447136,8.065527335182068,4.221045081087076,0.0,7
1761810635920,8486645104960,ROT_VEC,0.12653647478951513,0.2406815729819278,-0.033303377596394734,0.49130211348533837,7
1761810635940,8486665529562,ROT_VEC,0.2889259581477606,0.10242690437001337,0.22212521222116183,0.35917654480902117,7
1761810635940,8486665529562,MAG,32.23716457097645,-10.279888860303927,-15.893818321896767,0.0,7
1761810635940,8486665529562,GYRO,0.02853292430703324,0.017703948567599995,-0.02737103103839354,0.0,7
1761810635940,8486665529562,ACC,-1.6155223058474177,10.14216082437712,5.706415981479164,0.0,7
1761810635961,8486685954163,ACC,-1.6336230635550582,9.678633050394088,5.639995643943157,0.0,7
1761810635961,8486685954163,MAG,36.81563305891887,-26.81132991077501,-1.397136117945757,0.0,7
1761810635961,8486685954163,ROT_VEC,0.24829820479216985,0.442262058275798,-0.3894088781281502,0.9463152460711963,7
1761810635961,8486685954163,GYRO,-0.0039036328741659243,-0.1048972142496074,0.01734604887545122,0.0,7
1761810635981,8486706378765,ACC,-1.3193615966204415,5.56040831198286,5.1802704891806695,0.0,7
1761810635981,8486706378765,GYRO,-0.005248252666394447,-0.1541161221948268,0.018400301895386446,0.0,7
1761810635981,8486706378765,ROT_VEC,0.1680105195603937,-0.5551763078890722,-0.21913728608809285,0.4956677734868143,7
1761810635981,8486706378765,MAG,15.028936007587879,-36.95127134911913,-13.051057124620728,0.0,7
1761810636001,8486726803366,GYRO,0.03098611638600604,0.03705795019047359,0.019349421306104335,0.0,7
1761810636001,8486726803366,ROT_VEC,0.13401844270536578,-0.1922483793490723,0.17492362116067767,0.4493082629448833,7
1761810636001,8486726803366,ACC,-1.4887159699682555,6.408937897597536,6.899119736956328,0.0,7
1761810636001,8486726803366,MAG,8.112758364545181,-44.733662188115964,-12.617553427277105,0.0,7
1761810636022,8486747227968,MAG,16.214479055288233,-17.16655949232711,-16.895332253907323,0.0,7
1761810636022,8486747227968,GYRO,0.0540658377761058,-0.07292038722432896,0.011044118043876162,0.0,7
1761810636022,8486747227968,ACC,-0.6960716038018404,8.332555969640389,4.57463102034662,0.0,7
1761810636022,8486747227968,ROT_VEC,0.20316222432746317,-0.30708767110902746,-0.37049831549252366,0.651053343210518,7
1761810636042,8486767652569,ACC,-1.5693151787265385,7.653138707294919,4.551665875267621,0.0,7
1761810636042,8486767652569,ROT_VEC,0.09350363535142703,-0.31908676001200914,-0.4533289732625735,0.4832895963267006,7
1761810636042,8486767652569,GYRO,-0.0050668644436323695,0.04137804035136944,0.021114337419289197,0.0,7
1761810636042,8486767652569,MAG,7.681514371672412,-35.51515391285942,-7.850711802289355,0.0,7
1761810636063,8486788077171,GYRO,-0.08555438930713356,0.04774999702726496,0.034082462267125226,0.0,7
1761810636063,8486788077171,ROT_VEC,0.3085809549448762,0.2888762055572581,-0.030874819691513233,0.36943951610177594,7
1761810636063,8486788077171,MAG,3.295671202916384,-5.2919760569954395,-2.8522967064304012,0.0,7
1761810636063,8486788077171,ACC,-1.5520291953027345,6.2221669567873255,4.257294129596877,0.0,7
1761810636083,8486808501772,ACC,-0.06080807901512028,6.742246737228566,5.488184859163532,0.0,7
1761810636083,8486808501772,GYRO,0.030689273948701613,0.039224621170506055,0.02973225708709638,0.0,7
1761810636083,8486808501772,MAG,0.05497719469653983,-30.070422229190076,-26.952934300989526,0.0,7
1761810636083,8486808501772,ROT_VEC,0.2778496207090588,0.21873765740477347,0.8617874203146505,0.39294403256264365,7
1761810636104,8486828926373,GYRO,-0.06975532589958808,-0.17921191337606693,0.017246445427931866,0.0,7
1761810636104,8486828926373,ACC,-1.2120277407059854,8.07165319406858,6.372200431446683,0.0,7
1761810636104,8486828926373,ROT_VEC,0.27454272199561364,0.09676296856082978,-0.8865574560204759,0.37111174237649314,7
1761810636104,8486828926373,MAG,25.76869977480458,-30.331099760235695,-12.36212440761326,0.0,7
1761810636124,8486849350975,ROT_VEC,0.24026047587841654,-0.404739971864719,0.30592458233477565,0.6393721998228455,7
1761810636124,8486849350975,MAG,15.06370737046937,-29.630458167067683,-20.3462825573417,0.0,7
1761810636124,8486849350975,ACC,-1.1337242654453614,6.306751090722032,4.184274782673933,0.0,7
1761810636124,8486849350975,GYRO,-0.0869465583543052,-0.14973018161107124,0.01619969059432927,0.0,7
1761810636144,8486869775576,ROT_VEC,0.2100667466993753,-0.10030486382908653,0.10008029052111377,0.6708526720329117,7
1761810636144,8486869775576,MAG,17.27320822360494,-26.892486435287648,-23.59384731824907,0.0,7
1761810636144,8486869775576,ACC,-0.34074850291827685,5.8268604134206,6.567449506743387,0.0,7
1761810636144,8486869775576,GYRO,-0.02969898538465815,-0.01737412727380404,-0.005914797008373136,0.0,7
1761810636165,8486890200178,MAG,18.87708578861831,-25.848530773806264,0.1426955804583956,0.0,7
1761810636165,8486890200178,GYRO,0.018042450693117367,-0.04529309471899552,-0.0247423352800598,0.0,7
1761810636165,8486890200178,ROT_VEC,0.19847539447181636,0.5255480092711032,0.10461566551920592,0.493846495332988,7
1761810636165,8486890200178,ACC,-1.1410363117775069,7.405890591677222,6.5257110354570225,0.0,7
1761810636185,8486910624779,MAG,27.540400202627332,11.131643296439979,-2.0456870269836154,0.0,7
1761810636185,8486910624779,GYRO,-0.04947734500140229,-0.10877859813189944,-0.01476537441640128,0.0,7
1761810636185,8486910624779,ACC,-2.6261427868804597,6.562994258125581,5.090234320788594,0.0,7
1761810636185,8486910624779,ROT_VEC,0.35316133029172186,0.3660292028270726,-0.1241040595314427,0.43659196141521195,7
1761810636206,8486931049381,GYRO,0.027150352673246118,-0.06510766883712606,-0.02616655001740388,0.0,7
1761810636206,8486931049381,MAG,20.169422470316185,-24.340682801897604,-10.215671192570973,0.0,7
1761810636206,8486931049381,ACC,-0.9736195262122248,8.185435122280557,5.335709413881752,0.0,7
1761810636206,8486931049381,ROT_VEC,0.24158284883095518,0.9209124317075003,0.12114199835542697,0.02242709395187803,7
1761810636226,8486951473982,MAG,47.4544868097324,-18.63542289326787,-16.411251112663507,0.0,7
1761810636226,8486951473982,GYRO,0.033343103752722106,-0.0032113853784648642,-0.012331245695612662,0.0,7
1761810636226,8486951473982,ACC,-1.4065636376226907,6.847558916300804,6.087249097783438,0.0,7
1761810636226,8486951473982,ROT_VEC,0.23648600338622197,0.5069449649461023,-0.35392649276059207,0.2674345716573928,7
1761810636247,8486971898584,MAG,41.84026611862029,-11.512649106033443,-21.694866279117402,0.0,7
1761810636247,8486971898584,ACC,-1.1948145930839909,6.756711815274855,6.414599547207992,0.0,7
1761810636247,8486971898584,GYRO,0.09008319156652211,-0.11210361231932342,-0.04310776934621139,0.0,7
1761810636247,8486971898584,ROT_VEC,0.2569707772672269,-0.05970163356224578,-0.7334217410523552,0.9450562160111399,7
1761810636267,8486992323185,ROT_VEC,0.31823888835652553,-0.24581336948717725,-0.09267850698246152,0.7339977112755909,7
1761810636267,8486992323185,MAG,3.3515464017144674,-34.16446203415877,-15.55301676179244,0.0,7
1761810636267,8486992323185,GYRO,0.0164246387810751,0.03123498841879823,0.010556181069837101,0.0,7
1761810636267,8486992323185,ACC,-1.2133940484408914,7.957550079152226,5.696802099518083,0.0,7
1761810636287,8487012747787,ACC,-1.5618560928163934,8.541296186698508,5.14642137112395,0.0,7
1761810636287,8487012747787,MAG,8.375620661914226,-31.059419066267516,-18.2583437615506,0.0,7
1761810636287,8487012747787,GYRO,-0.06409325135393448,-0.039800894312124996,0.011687831996510342,0.0,7
1761810636287,8487012747787,ROT_VEC,0.3646227380506453,-0.24015798629346444,-0.09942162552452008,0.056569502878590486,7
1761810636308,8487033172388,GYRO,0.05146159040723793,-0.06700004867527987,0.030820225997638867,0.0,7
1761810636308,8487033172388,ROT_VEC,0.2251240277992921,-0.13081860646234206,0.8625481217532902,0.5451771078426173,7
1761810636308,8487033172388,ACC,-0.6031829228790367,6.164256083193582,5.2747826735263414,0.0,7
1761810636308,8487033172388,MAG,8.859186952139797,-52.27811521204218,-9.308853627142465,0.0,7
1761810636328,8487053596990,MAG,-10.04190545405229,-18.854923603860122,-3.9315332142673554,0.0,7
1761810636328,8487053596990,GYRO,-0.004298214509413282,0.09478160235156788,-0.026329063743636874,0.0,7
1761810636328,8487053596990,ROT_VEC,0.33076280450984846,0.0879093943073995,-0.5202246211378702,0.39639093403338105,7
1761810636328,8487053596990,ACC,-1.1952407369059312,8.163898756907376,5.951780261117098,0.0,7
1761810636349,8487074021591,GYRO,-0.07664751190452877,-0.12747922072288784,-0.005846219738674089,0.0,7
1761810636349,8487074021591,ACC,0.020346358934984266,5.7527544751143775,5.704377508176973,0.0,7
1761810636349,8487074021591,MAG,24.803980676777417,-25.887789701958557,-3.7079325378556955,0.0,7
1761810636349,8487074021591,ROT_VEC,0.15924495015820805,0.015172414007663657,-1.118802810807483,0.7302302039306355,7
1761810636369,8487094446193,ACC,-1.8291714961922938,8.216724164139308,6.556198297256466,0.0,7
1761810636369,8487094446193,ROT_VEC,0.18954915607643252,0.3023467895157555,-0.14216035971054716,0.2468986181103839,7
1761810636369,8487094446193,GYRO,-0.06437371564464045,-0.023482587806629318,0.015174435182190936,0.0,7
1761810636369,8487094446193,MAG,25.607334125207636,-39.72144567649862,-16.045243297915412,0.0,7
1761810636390,8487114870794,ACC,-1.5809849155055926,6.6031047257107875,7.383534415387182,0.0,7
1761810636390,8487114870794,ROT_VEC,0.2406340158679342,0.10097513091847335,-0.11013722843939967,0.4919036783964352,7
1761810636390,8487114870794,GYRO,-0.047059222566509705,-0.06036774170689101,0.0033725500576670185,0.0,7
1761810636390,8487114870794,MAG,20.75525242976267,-40.63607495183785,-13.471173992214174,0.0,7
1761810636410,8487135295396,GYRO,0.041041562273906484,-0.023327509787419286,0.038938015376665386,0.0,7
1761810636410,8487135295396,ACC,-1.1580041771503777,8.242987281948183,5.047824461244448,0.0,7
1761810636410,8487135295396,ROT_VEC,0.2616794084128555,0.23615197244687544,-0.26178777053251057,0.6355815270378182,7
1761810636410,8487135295396,MAG,-14.618711750951096,2.571834010450015,-8.43497485196699,0.0,7
1761810636430,8487155719997,MAG,15.858513721825055,-35.785618880417516,-10.935311383914065,0.0,7
1761810636430,8487155719997,ROT_VEC,0.28198759512489774,0.23413511609366922,-0.6127684016075852,0.3241289512854468,7
1761810636430,8487155719997,GYRO,0.017627568040841014,-0.08020987027640487,-0.00750332509460559,0.0,7
1761810636430,8487155719997,ACC,-1.31460606547372,8.28752489779108,5.62930622794357,0.0,7
1761810636451,8487176144599,ROT_VEC,0.24359280515506124,0.06218438377995379,-0.012671924986542293,0.6474292507843261,7
1761810636451,8487176144599,GYRO,-0.08818763571121484,-0.15421038774469248,-0.007476869138922223,0.0,7
1761810636451,8487176144599,MAG,5.084809874624085,-36.4442294658012,-14.473729103797258,0.0,7
1761810636451,8487176144599,ACC,-0.6382453381175895,7.717883750175258,6.147013171549565,0.0,7
1761810636471,8487196569200,GYRO,0.03971660994210696,-0.015656428384957607,0.022624108293658463,0.0,7
1761810636471,8487196569200,MAG,27.638384189616563,-46.38561660762454,1.48050483125427,0.0,7
1761810636471,8487196569200,ACC,-1.4028815173481224,8.864105963898071,5.179172376512091,0.0,7
1761810636471,8487196569200,ROT_VEC,0.24004531493390932,-0.042317032440098476,-1.141906902422475,0.19413144909807925,7
1761810636492,8487216993802,GYRO,0.02560012649167365,-0.08871567794035329,-0.008844941413124703,0.0,7
1761810636492,8487216993802,ROT_VEC,0.28364456666941884,-0.3021716264552347,-0.055442574730613176,0.3690375595128311,7
1761810636492,8487216993802,ACC,-1.000482500789087,7.973018871909966,5.972070998902656,0.0,7
1761810636492,8487216993802,MAG,15.34820228553732,-39.94009500054696,-18.445639019683906,0.0,7
1761810636512,8487237418403,GYRO,-0.06523394617349353,0.020859629001785757,-0.0025672786357728867,0.0,7
1761810636512,8487237418403,ROT_VEC,0.3507517318924667,0.2514974706240735,-0.9398418799613952,0.48176957016638844,7
1761810636512,8487237418403,MAG,30.371747440604633,-23.133405118636446,-18.602156277117523,0.0,7
1761810636512,8487237418403,ACC,-0.07403944939795884,7.933890138709966,5.666269606247208,0.0,7
1761810636533,8487257843005,MAG,4.634736757081835,-23.180283774604764,11.789647749729946,0.0,7
1761810636533,8487257843005,ACC,-0.23019802934375602,8.21643624878379,3.8419884744791823,0.0,7
1761810636533,8487257843005,GYRO,-0.043621119876725095,0.002711603998625651,-0.025149068256045463,0.0,7
1761810636533,8487257843005,ROT_VEC,0.36481653924538954,0.13530746458252552,0.2601488857244351,0.28276302044435686,7
1761810636850,8487575556202,ACC,0.03876020022186119,-0.11582678496444342,-0.12396732451301427,0.0,
1761810636850,8487575556202,MAG,-0.031740893345645296,-0.24391838199873025,-0.1023797638983946,0.0,
1761810636850,8487575556202,GYRO,0.03338272657913457,0.0006261180063109053,0.06752916786844608,0.0,
1761810636850,8487575556202,ROT_VEC,0.09466755996065028,0.13479640806305648,-0.12543166767107355,0.0,
1761810637168,8487893269399,ACC,-1.115039334441609,5.2264941062428365,4.2021395964797525,0.0,7
1761810637168,8487893269399,GYRO,0.017723526284999288,0.019198909966270234,-0.02962327038924925,0.0,7
1761810637168,8487893269399,ROT_VEC,0.08060840666032534,0.19144625529902481,-0.42906915720186356,0.3391253775928899,7
1761810637168,8487893269399,MAG,17.476497026086026,-29.85708044528235,0.37480702877313354,0.0,7
1761810637188,8487913540836,GYRO,0.06817100540605976,0.073076038235832,0.015825762090581532,0.0,7
1761810637188,8487913540836,MAG,17.16725932470511,-23.8981206451873,4.978336380667497,0.0,7
1761810637188,8487913540836,ACC,1.1250951903223698,7.3818006367085145,7.246289650058394,0.0,7
1761810637188,8487913540836,ROT_VEC,0.38321159862538495,-0.2068253323554166,-0.35921643200652986,0.5599084810321456,7
1761810637208,8487933812273,ROT_VEC,0.1364654240347043,0.8442293600006048,-0.6196285770865999,0.21876751909249528,7
1761810637208,8487933812273,ACC,-1.0440421352699065,7.519875107068577,4.2332514304979005,0.0,7
1761810637208,8487933812273,GYRO,0.037313795323769605,-0.04792495242821023,0.0011440980681335562,0.0,7
1761810637208,8487933812273,MAG,14.575680591782449,-7.070556678694871,-1.3213447978180828,0.0,7
1761810637229,8487954083709,ROT_VEC,0.21347761911094915,-0.26763593057760954,-0.39962510427765296,0.45636082355172203,7
1761810637229,8487954083709,GYRO,0.08045989044607997,-0.08947042849786702,0.004024757530396179,0.0,7
1761810637229,8487954083709,MAG,32.390041052835606,-33.41406392063955,2.229791285766675,0.0,7
1761810637229,8487954083709,ACC,-0.8479424482738682,6.774931689474815,5.872280879859816,0.0,7
1761810637249,8487974355146,ROT_VEC,0.32625791561850415,0.24931519626564821,0.29317026612508285,0.37614278224119924,7
1761810637249,8487974355146,MAG,15.47620307851285,-29.57380251581217,-8.351452777463424,0.0,7
1761810637249,8487974355146,GYRO,-0.029244183191129616,-0.05408806142813978,0.028155329773182865,0.0,7
1761810637249,8487974355146,ACC,-0.04798757339773366,7.915159816545004,5.354450773581666,0.0,7
1761810637269,8487994626583,ROT_VEC,0.4026450869557214,0.3686801538116144,1.1618787104274089,0.6181268127794775,7
1761810637269,8487994626583,MAG,33.789423818525776,-48.16645415934204,-5.567683478990927,0.0,7
1761810637269,8487994626583,ACC,-1.6745364624376418,8.336572780320127,5.739742816908967,0.0,7
1761810637269,8487994626583,GYRO,0.06839303365985717,0.12564637632097653,0.03296282512966384,0.0,7
1761810637290,8488014898020,MAG,8.642114743924306,-45.25835978978362,-17.641020553541548,0.0,7
1761810637290,8488014898020,GYRO,0.0588727176878985,0.15722397673733385,-0.010863639105666198,0.0,7
1761810637290,8488014898020,ROT_VEC,0.06482227731950028,0.35314991132226475,0.50860152393284,0.32931864056583093,7
1761810637290,8488014898020,ACC,-0.20817836894595443,8.338759146450249,3.8038383776033244,0.0,7
1761810637310,8488035169457,MAG,12.300018270672687,-9.600774936826257,-6.657674190316097,0.0,7
1761810637310,8488035169457,ROT_VEC,0.0931048217982606,0.39699309462612586,0.024710740502003586,0.3146354778153391,7
1761810637310,8488035169457,ACC,-0.40683612033508965,7.071444455130226,3.702653027576139,0.0,7
1761810637310,8488035169457,GYRO,0.09182241484535786,0.023594920674567022,-0.0035401382946106752,0.0,7
1761810637330,8488055440894,ROT_VEC,0.20856427084238227,0.9496746025715657,-0.3556608174449708,0.17783847871218517,7
1761810637330,8488055440894,MAG,22.514118934786843,-16.813917935113565,-26.60961020968962,0.0,7
1761810637330,8488055440894,ACC,-0.43664574884629026,8.918080318634077,5.663246153514181,0.0,7
1761810637330,8488055440894,GYRO,-0.013339828444657286,0.10986857386578883,0.0026823063109968617,0.0,7
1761810637350,8488075712330,GYRO,-0.0016419848315689222,0.10974044240121497,0.03501687400335466,0.0,7
1761810637350,8488075712330,MAG,10.923887799009286,-64.75303859256813,-8.030864538747801,0.0,7
1761810637350,8488075712330,ROT_VEC,0.40109716857667993,-0.11513818607621844,0.08405397784907882,0.6551161662371018,7
1761810637350,8488075712330,ACC,-0.9203173819859845,8.667797859417304,5.64016999136913,0.0,7
1761810637371,8488095983767,ACC,-1.0926286224786717,8.145420189455608,4.682675728124401,0.0,7
1761810637371,8488095983767,MAG,34.12793839983492,-35.91940722177771,-22.539879601089396,0.0,7
1761810637371,8488095983767,GYRO,0.045428968490620295,-0.11239255165728296,0.021397794190202435,0.0,7
1761810637371,8488095983767,ROT_VEC,0.19745590931535267,0.6350415049323546,-0.41434183909576705,0.8664959977404512,7
1761810637391,8488116255204,MAG,9.618056222144515,-49.51892382280025,-10.226959826325961,0.0,7
1761810637391,8488116255204,ACC,0.42129419963730136,6.343113619011206,3.9489481735611083,0.0,7
1761810637391,8488116255204,ROT_VEC,0.25929112384381137,0.03419331666099308,-0.12242389280451521,0.41672172491622983,7
1761810637391,8488116255204,GYRO,0.006325467766080818,-0.10404908626744921,-0.016406128659703936,0.0,7
1761810637411,8488136526641,GYRO,0.058712186002880105,0.029428593537531137,0.03199650875075626,0.0,7
1761810637411,8488136526641,MAG,25.30633007415215,-18.62439670864204,-24.438820835690358,0.0,7
1761810637411,8488136526641,ROT_VEC,0.1297156493374863,-0.03554986531929001,1.0259378994565245,0.32701466270171686,7
1761810637411,8488136526641,ACC,-1.2913166549341564,4.850168268290415,5.032194297671486,0.0,7
1761810637431,8488156798078,MAG,23.5188571177529,-19.33371824627723,-20.610932781456654,0.0,7
1761810637431,8488156798078,GYRO,-0.09206502775382412,0.045167998698495346,0.00438303497671194,0.0,7
1761810637431,8488156798078,ACC,-0.7253389784976305,8.52292519848363,5.227618973195182,0.0,7
1761810637431,8488156798078,ROT_VEC,0.3826290729092037,0.6751402486430039,0.977731235827616,0.2447036944618567,7
1761810637452,8488177069514,MAG,38.933068307398166,-28.382908587615358,-15.415124596910088,0.0,7
1761810637452,8488177069514,ROT_VEC,0.17999536629419424,0.48699087709083716,-0.2921474810667287,0.5101925081304916,7
1761810637452,8488177069514,GYRO,-0.10489530268526265,0.12191281035169631,0.0043247908727667055,0.0,7
1761810637452,8488177069514,ACC,-0.33356006245977676,9.084998474644367,4.570549272511039,0.0,7
1761810637472,8488197340951,MAG,9.725081597916363,-58.47601374479172,-5.757767549848673,0.0,7
1761810637472,8488197340951,GYRO,-0.036909974361400755,-0.1827373499494931,-0.021224560764472832,0.0,7
1761810637472,8488197340951,ACC,-1.8412668525264118,6.263225182104385,4.413265851141958,0.0,7
1761810637472,8488197340951,ROT_VEC,0.27096120602287693,-0.09290277687743768,-0.026595057270731963,0.45727642028717636,7
1761810637492,8488217612388,MAG,-20.171738725804833,-49.18635969834391,-13.17403180057585,0.0,7
1761810637492,8488217612388,GYRO,0.07224408238429865,-0.11468236278686195,-0.01367857931927411,0.0,7
1761810637492,8488217612388,ROT_VEC,0.35537974334051536,0.28450597658696214,0.1734926933091652,0.14119699272252484,7
1761810637492,8488217612388,ACC,0.2311185966343852,6.6440900310489805,4.987487702435067,0.0,7
1761810637513,8488237883825,ROT_VEC,0.27443055936285426,-0.33983368834270705,0.2588270291251987,0.5701386374805307,7
1761810637513,8488237883825,MAG,-18.748921975568237,-29.20881066477408,-17.83308467792637,0.0,7
1761810637513,8488237883825,ACC,-0.7796520455076782,6.095022777526184,5.44590787376929,0.0,7
1761810637513,8488237883825,GYRO,-0.006092726756627698,0.05010065860767893,-0.009986739316290242,0.0,7
1761810637533,8488258155262,GYRO,0.05046786997289813,0.05117737524253666,0.04533848199025606,0.0,7
1761810637533,8488258155262,MAG,16.42431369457392,-48.800214568937996,-12.620160802816356,0.0,7
1761810637533,8488258155262,ROT_VEC,0.11797677001801614,0.3177743393219713,0.10739641552178576,0.633662505232922,7
1761810637533,8488258155262,ACC,-0.6703863069450637,7.855666115037822,3.662469387914208,0.0,7
1761810637553,8488278426699,ROT_VEC,0.23846343711853527,0.0021615211854321657,-0.607556605306448,0.5646042058870275,7
1761810637553,8488278426699,ACC,-2.4615283717195227,5.2066693846223755,2.412900562822431,0.0,7
1761810637553,8488278426699,GYRO,-0.04666960185188904,0.15309601245845356,0.011569820896828098,0.0,7
1761810637553,8488278426699,MAG,8.793821926873871,-18.080640847221762,-21.271539708598112,0.0,7
1761810637573,8488298698135,GYRO,-0.09665786878599572,-0.10177323270164026,0.0035130342924558004,0.0,7
1761810637573,8488298698135,ACC,-1.0650773960914033,6.433911005283413,3.6399886928724094,0.0,7
1761810637573,8488298698135,ROT_VEC,0.3997018409826342,0.6052887799788568,-0.7740885767763104,0.2798760207381185,7
1761810637573,8488298698135,MAG,34.20609986215794,-44.033434609236835,-16.63078032645728,0.0,7
1761810637594,8488318969572,ACC,-0.8731680471903296,4.9061368851572595,5.492891966020196,0.0,7
1761810637594,8488318969572,GYRO,-0.037907176744087036,-0.015458237251962065,0.013779738298143725,0.0,7
1761810637594,8488318969572,MAG,38.44345529731689,-23.80652492481034,-24.818512537791094,0.0,7
1761810637594,8488318969572,ROT_VEC,0.2996341744544016,-0.02678633220749662,-0.39586535389264776,0.3887497575059895,7
1761810637614,8488339241009,ROT_VEC,0.15135132871998766,0.04315870460718089,-0.7711146262910724,0.4492259084109292,7
1761810637614,8488339241009,GYRO,-0.08093524972152245,-0.09062606527340414,-0.005297220246686808,0.0,7
1761810637614,8488339241009,ACC,-1.384540540173619,7.083919996814637,4.879425989457862,0.0,7
1761810637614,8488339241009,MAG,15.154411684260907,-32.54781071839118,-18.51853695807024,0.0,7
1761810637634,8488359512446,ROT_VEC,0.220882647453779,-0.08663963151202772,-0.43490047897000594,0.47279238737469376,7
1761810637634,8488359512446,ACC,-0.7516879115057368,6.693264827680612,3.305847517274858,0.0,7
1761810637634,8488359512446,GYRO,-0.07239832315092645,-0.030430342228697338,-0.0150617802124753,0.0,7
1761810637634,8488359512446,MAG,5.577281214698656,-1.366597367376829,-15.870482923706302,0.0,7
1761810637654,8488379783883,GYRO,0.037479367362051735,0.14100716620448273,0.011046434772045945,0.0,7
1761810637654,8488379783883,ACC,-2.3413711938469493,7.192609988091373,4.785874832830704,0.0,7
1761810637654,8488379783883,ROT_VEC,0.27085092074158534,0.5199140817969405,-0.4463097325728126,0.6015277632675775,7
1761810637654,8488379783883,MAG,17.00432373694464,-6.563736033148684,-3.5322886497779855,0.0,7
1761810637675,8488400055320,MAG,-8.26181082309456,-37.82093623126605,-6.134064085557306,0.0,7
1761810637675,8488400055320,GYRO,0.012679563036895013,0.12403016924620057,0.004897132020880796,0.0,7
1761810637675,8488400055320,ACC,-1.0839269782592562,9.70969451303147,5.366108409589897,0.0,7
1761810637675,8488400055320,ROT_VEC,0.22624290554481746,-0.033303426874272374,0.3416342776625358,0.05128513747418295,7
1761810637695,8488420326756,MAG,29.496768298757697,-42.84066494889602,-14.945482218949804,0.0,7
1761810637695,8488420326756,GYRO,-0.0840278751342196,-0.20595458704146447,-0.0015363482208558942,0.0,7
1761810637695,8488420326756,ACC,-1.3249265131726038,8.105122553234947,4.785237978621436,0.0,7
1761810637695,8488420326756,ROT_VEC,0.3543374523727323,0.048225717449730546,0.6162559127606076,0.3884763917283856,7
1761810637715,8488440598193,ACC,-1.251400821877064,8.040860203025657,6.349774361201934,0.0,7
1761810637715,8488440598193,GYRO,-0.032222825930186064,0.08884318252975265,-0.01734834119525912,0.0,7
1761810637715,8488440598193,MAG,20.48644045597755,-38.79523783410414,-18.55985088945452,0.0,7
1761810637715,8488440598193,ROT_VEC,0.1876457210294991,-0.29587150591370037,0.07198953574546446,0.3518256024611195,7
1761810637736,8488460869630,ROT_VEC,0.24799086313571542,0.0063888885430507525,-0.2278173943978489,0.5296563894497777,7
1761810637736,8488460869630,GYRO,-0.014890256330100042,0.02689329848753267,0.017136756699976517,0.0,7
1761810637736,8488460869630,MAG,21.1007527478919,-27.782548407912145,-5.463525986646033,0.0,7
1761810637736,8488460869630,ACC,-0.7949764641591408,8.089452801387994,7.016397478296078,0.0,7
1761810637756,8488481141067,ACC,-1.1034228986407726,11.660168710391217,4.15471310726795,0.0,7
1761810637756,8488481141067,GYRO,-0.04717363879071908,-0.3217580456910944,0.010735586183379,0.0,7
1761810637756,8488481141067,ROT_VEC,0.13179326525264728,0.33664655581821157,0.7394386294687945,0.45021004444408635,7
1761810637756,8488481141067,MAG,2.1003118120353466,-19.342948543480922,-14.817560307382172,0.0,7
1761810637776,8488501412504,GYRO,0.010164768258379475,-0.15368683079860077,0.03635781563203008,0.0,7
1761810637776,8488501412504,ROT_VEC,0.3195112877602677,0.09336733967353192,-0.5271923851589656,0.19568070177672173,7
1761810637776,8488501412504,ACC,-1.156730020108034,8.652951071616188,5.43748587797805,0.0,7
1761810637776,8488501412504,MAG,29.14383605609016,-28.358597018645195,-6.248770620285314,0.0,7
1761810637796,8488521683941,GYRO,-0.030664532203132915,0.017681456234761184,0.022185485149013442,0.0,7
1761810637796,8488521683941,ROT_VEC,0.3081678652358965,0.06880730841761817,-0.4628990456473697,0.4365642648638708,7
1761810637796,8488521683941,MAG,30.967146959374087,-32.739118226028786,0.3527075092346412,0.0,7
1761810637796,8488521683941,ACC,-0.6196193993865139,7.760442692572215,4.2029008296555865,0.0,7
1761810637817,8488541955377,MAG,51.17113052188149,-28.095076686310847,0.18335366839140121,0.0,7
1761810637817,8488541955377,GYRO,0.02441044488036444,-0.023324558650195917,0.006494453388426431,0.0,7
1761810637817,8488541955377,ACC,-1.3423101751219275,6.074404180585783,5.305053732766265,0.0,7
1761810637817,8488541955377,ROT_VEC,0.16119496365501115,0.27635470864958783,-0.23967816648813098,0.08661477353059369,7
1761810637837,8488562226814,MAG,-11.164638998122003,-37.86121658628036,-17.564524741624002,0.0,7
1761810637837,8488562226814,GYRO,-0.1190322138617087,0.03428434147409889,0.04399640340558766,0.0,7
1761810637837,8488562226814,ROT_VEC,0.38547490019519054,-0.06507317234549333,-0.21729570463335118,0.4239308935472317,7
1761810637837,8488562226814,ACC,-0.6654302300126638,6.206520545249125,5.881389364221485,0.0,7
1761810637857,8488582498251,GYRO,0.01446561737722086,-0.08936943337392393,0.017899532814842488,0.0,7
1761810637857,8488582498251,ROT_VEC,0.18209550761946336,0.09164537903207301,-0.1192886982406734,0.09568510940368148,7
1761810637857,8488582498251,ACC,-0.18475370300589672,8.31046082934933,5.9492907148194325,0.0,7
1761810637857,8488582498251,MAG,8.329513803098918,-26.272455436538948,8.030898201685758,0.0,7
1761810637877,8488602769688,ROT_VEC,0.27160668958554557,-0.09746912204960449,-0.06511292901883681,0.551778959307124,7
1761810637877,8488602769688,ACC,-1.3505970003303331,9.695495641475876,6.966492435164224,0.0,7
1761810637877,8488602769688,MAG,43.38310913310496,-34.30242996404513,-11.249055800472256,0.0,7
1761810637877,8488602769688,GYRO,-0.006720955897357505,-0.04620980037738881,0.037923559011884184,0.0,7
1761810637898,8488623041125,GYRO,0.013693354149727381,0.1601644449784071,0.008463873222047641,0.0,7
1761810637898,8488623041125,ACC,-0.6303674005885126,7.364480447496289,5.4735206855794845,0.0,7
1761810637898,8488623041125,MAG,-9.254282913565753,-49.18163462025585,-18.723884307990723,0.0,7
1761810637898,8488623041125,ROT_VEC,0.2678568801063337,-0.2872309737102836,-0.21115643258513386,0.44993284579451936,7
1761810637918,8488643312562,GYRO,-0.02791389683921915,-0.0914398465622759,0.01477103616207715,0.0,7
1761810637918,8488643312562,ACC,-1.2750169037240608,7.660678099571627,5.838951424524046,0.0,7
1761810637918,8488643312562,ROT_VEC,0.28546347800513583,-0.4666503461409841,0.19581371860634103,0.4343227447575563,7
1761810637918,8488643312562,MAG,18.5475535926674,-28.102591007962737,-18.212112007134706,0.0,7
1761810637938,8488663583998,ACC,-1.3120682549401772,6.882674319568707,4.766432398981215,0.0,7
1761810637938,8488663583998,ROT_VEC,0.16588648203068992,-0.11569431284659804,0.19095052762397752,0.2830459927623581,7
1761810637938,8488663583998,GYRO,-0.04412910037426443,0.03768013603636921,-0.006356058476031638,0.0,7
1761810637938,8488663583998,MAG,-7.507664855322269,-44.21407522282806,1.684371806327033,0.0,7
1761810637959,8488683855435,ROT_VEC,0.24350816686710272,-0.42117191104600726,-0.9542942187414334,0.12051801728727526,7
1761810637959,8488683855435,ACC,-1.1136008773539692,5.335263185101639,4.982246365244896,0.0,7
1761810637959,8488683855435,GYRO,0.02655378257686568,-0.019663263610601018,-0.002356873870169711,0.0,7
1761810637959,8488683855435,MAG,15.578133087249816,-13.081805493415924,-12.3264466043266,0.0,7
1761810637979,8488704126872,ACC,-0.6699723376875379,6.1112916431638284,5.754123580719422,0.0,7
1761810637979,8488704126872,GYRO,-0.04743317260624993,-0.022116449619006672,0.017188470779573868,0.0,7
1761810637979,8488704126872,MAG,-5.555755441008015,-45.619872576346346,-30.64308464831027,0.0,7
1761810637979,8488704126872,ROT_VEC,0.3261700428679603,-0.06058965985413236,0.2829254135656727,0.4571700849220887,7
1761810637999,8488724398309,ACC,-1.1266231116877647,8.93656864672375,3.635229338484069,0.0,7
1761810637999,8488724398309,MAG,-0.7303205008140274,-38.884399792659565,-15.042166255631715,0.0,7
1761810637999,8488724398309,GYRO,-0.045821357313347834,0.24530144376913504,-0.025020020746534376,0.0,7
1761810637999,8488724398309,ROT_VEC,0.2709663002850804,-0.08671147666326406,0.7651060662000909,0.45727664128318407,7
1761810638019,8488744669746,GYRO,0.03328483756047616,0.056442060345701026,-0.011564872922957077,0.0,7
1761810638019,8488744669746,ACC,-0.9380616386901203,5.629329086496079,5.255412739697787,0.0,7
1761810638019,8488744669746,MAG,10.482319865894635,-12.609429797865616,-13.426673217836306,0.0,7
1761810638019,8488744669746,ROT_VEC,0.08333218349818423,0.12105458141577012,0.5774165894095777,0.5423057369062041,7
1761810638040,8488764941182,ACC,-0.3592132580186562,7.485521366518119,4.370108385855625,0.0,7
1761810638040,8488764941182,MAG,-5.732529182499503,-18.232544998130102,6.194174779241189,0.0,7
1761810638040,8488764941182,GYRO,0.04393921818977985,-0.21964936695054432,-0.016936315396848704,0.0,7
1761810638040,8488764941182,ROT_VEC,0.2246631266163879,0.35999378006126415,-0.6045121944469443,0.4047718474386114,7
1761810638060,8488785212619,ROT_VEC,0.15758043402063535,-0.40530497225017953,0.03935736185303508,0.3872125250471077,7
1761810638060,8488785212619,GYRO,0.0002962967695062813,0.08165146956428032,-0.004993810056268529,0.0,7
1761810638060,8488785212619,ACC,-1.4053779951040508,8.21227675409462,4.475986280612614,0.0,7
1761810638060,8488785212619,MAG,17.314170950334773,-42.301878970358,-25.82994970774128,0.0,7
1761810638080,8488805484056,ROT_VEC,0.19226243139892837,-0.8265629654243937,0.194145677243252,0.43045733787744916,7
1761810638080,8488805484056,GYRO,-0.0170112726537337,-0.043140921263107174,0.01578782501420941,0.0,7
1761810638080,8488805484056,ACC,-1.4562922740912274,7.207943797267148,4.765063385141165,0.0,7
1761810638080,8488805484056,MAG,0.49592490664905986,-12.073655534154472,-30.742963706576187,0.0,7
1761810638100,8488825755493,ACC,-1.6390814255890584,6.73091186388361,5.728944013898888,0.0,7
1761810638100,8488825755493,MAG,14.417655346290557,-17.986024454078763,1.9805379810316557,0.0,7
1761810638100,8488825755493,GYRO,-0.09269569997399503,-0.04395100258646337,-0.039186403024792635,0.0,7
1761810638100,8488825755493,ROT_VEC,0.1829111940967554,0.1913991546995583,-0.48560915760673423,0.5470953401038564,7
1761810638121,8488846026930,GYRO,-0.047023301480296126,-0.06389809878654813,0.029679366773594874,0.0,7
1761810638121,8488846026930,MAG,29.789177874933017,-19.726326817549126,3.0105004647952875,0.0,7
1761810638121,8488846026930,ROT_VEC,0.1519030496946903,0.05605798312760302,-0.6380102009478827,0.46419752290923916,7
1761810638121,8488846026930,ACC,-1.6130939930404766,6.763595431696977,3.898379185920031,0.0,7
1761810638141,8488866298367,ACC,-1.229813392511293,6.449340476470951,5.5686740126724,0.0,7
1761810638141,8488866298367,MAG,-6.705521990905704,-28.121230125230408,-7.778118699964111,0.0,7
1761810638141,8488866298367,GYRO,-0.008393432846698315,-0.20890216206658832,0.0013829095736381967,0.0,7
1761810638141,8488866298367,ROT_VEC,0.0727824710712543,-0.24384174208657627,-0.935911748690093,0.5199292397579521,7
1761810638161,8488886569803,GYRO,0.004152609489164556,-0.0695863307459559,-0.013549313568574046,0.0,7
1761810638161,8488886569803,ROT_VEC,0.22703315477256766,0.05116322983593807,-0.5186449330247713,0.43881440474438066,7
1761810638161,8488886569803,MAG,11.775865357595539,-24.50477284141682,-2.5154501274871865,0.0,7
1761810638161,8488886569803,ACC,-2.0654841296191364,8.289891064362386,5.786347283524438,0.0,7
1761810638182,8488906841240,ACC,-1.4260445998196434,8.96818850411193,4.812193622832281,0.0,7
1761810638182,8488906841240,ROT_VEC,0.22870225030270833,-0.5780943092189522,0.5753680561156007,0.47918532571018885,7
1761810638182,8488906841240,MAG,7.1099081183064765,-35.989621069005466,-12.713296100647344,0.0,7
1761810638182,8488906841240,GYRO,-0.025659653247684214,0.05856035044736524,0.01813978454353405,0.0,7
1761810638202,8488927112677,GYRO,-0.09546407321187607,-0.15606686973100856,0.002113378355171584,0.0,7
1761810638202,8488927112677,MAG,-5.066440090459778,-35.014341829801495,3.1740720997930785,0.0,7
1761810638202,8488927112677,ROT_VEC,0.23149514998109566,0.3653962438295962,-0.4292097789207843,0.29920812120898155,7
1761810638202,8488927112677,ACC,-0.2318096604475693,5.396505915282351,5.636471223759499,0.0,7
1761810638222,8488947384114,GYRO,-0.078709847326076,-0.11636549792857434,-0.008975327368684335,0.0,7
1761810638222,8488947384114,ROT_VEC,0.3391623542461332,0.5372400774210733,-0.06423570758340157,0.3508100250530702,7
1761810638222,8488947384114,MAG,23.45732026797368,-12.36313575845268,-25.142076856098143,0.0,7
1761810638222,8488947384114,ACC,-1.0250362469325713,8.31176100045323,5.982004576964522,0.0,7
1761810638242,8488967655551,ACC,-1.7411140275289898,7.147387026202814,5.504218713742898,0.0,7
1761810638242,8488967655551,MAG,29.156908807454986,-18.12643881832624,-6.422585707517077,0.0,7
1761810638242,8488967655551,ROT_VEC,0.2701099126637682,-0.010045352192182777,1.0983359247019233,0.30578071538272883,7
1761810638242,8488967655551,GYRO,0.017637120293409678,0.053063779355584643,-0.0406338033759497,0.0,7
1761810638263,8488987926988,MAG,41.70592694860627,-19.789374053385334,-7.374058926884741,0.0,7
1761810638263,8488987926988,ROT_VEC,0.18539519291789366,0.3957592874684217,0.6080549136946438,0.6800045220423431,7
1761810638263,8488987926988,ACC,-1.6156905351736295,6.398359774831506,3.746431398501331,0.0,7
1761810638263,8488987926988,GYRO,-0.060630178051471355,-0.22569938536619413,0.021443665813262323,0.0,7
1761810638283,8489008198424,ROT_VEC,0.1554672431201952,-0.4897050709600244,-0.20558362655676043,0.5702754317223429,7
1761810638283,8489008198424,MAG,4.97801428572604,-32.88318875125264,-8.839770166085527,0.0,7
1761810638283,8489008198424,GYRO,0.02718809371529948,-0.047252952791879854,0.03201361004866153,0.0,7
1761810638283,8489008198424,ACC,-0.47776054717132216,8.13591264285751,5.636986763911175,0.0,7
1761810638303,8489028469861,ROT_VEC,0.13832346526079842,-0.49465512429262165,0.5348920232096177,0.5552589148913059,7
1761810638303,8489028469861,MAG,-18.743310666554642,-10.6078667080729,-30.402985427324378,0.0,7
1761810638303,8489028469861,ACC,-0.8975675308202283,7.824098319622299,4.213253367263174,0.0,7
1761810638303,8489028469861,GYRO,-0.041782611771745234,-0.0678774193274647,-0.03090402040850581,0.0,7
1761810638323,8489048741298,ROT_VEC,0.18851088470501048,-0.4132887632745594,0.04198426756826802,0.6685688561380432,7
1761810638323,8489048741298,GYRO,-0.0030147657967263533,-0.07622563684709763,0.019804731270100198,0.0,7
1761810638323,8489048741298,ACC,-2.199070589722342,7.444637685613911,6.541415699848628,0.0,7
1761810638323,8489048741298,MAG,42.71178869907261,-38.70413577040711,-15.271252170149372,0.0,7
1761810638344,8489069012735,MAG,4.382842651052581,-31.485432643918518,-24.09112069192994,0.0,7
1761810638344,8489069012735,ROT_VEC,0.3076200509278092,-0.030485387497999988,0.4181769591388045,0.21881777827027085,7
1761810638344,8489069012735,GYRO,-0.02278899483032757,-0.1723765206335003,-0.026248674538941374,0.0,7
1761810638344,8489069012735,ACC,-0.31031646770433596,8.89005684253119,4.810166360015708,0.0,7
1761810638364,8489089284172,MAG,-3.358917602766389,-6.686341045850899,-18.29679762012231,0.0,7
1761810638364,8489089284172,ROT_VEC,-0.06739782868476434,-0.16495128218632635,-0.11392606103310579,0.47788532157813957,7
1761810638364,8489089284172,ACC,-2.3432274126552404,7.896824210735651,5.912076885872878,0.0,7
1761810638364,8489089284172,GYRO,-0.00556133544750039,0.13634598513385798,-0.004675484456615444,0.0,7
1761810638384,8489109555609,ACC,-2.0798617270972772,7.046040846904918,4.441645264709835,0.0,7
1761810638384,8489109555609,GYRO,-0.06839669599796501,-0.07318149884990252,0.05303446379230392,0.0,7
1761810638384,8489109555609,MAG,-16.27846052208514,-36.573948673898755,-20.097205901734526,0.0,7
1761810638384,8489109555609,ROT_VEC,0.29623086190580616,0.3340263542560244,0.560918805273063,0.7502288904360356,7
1761810638405,8489129827045,ACC,-1.3612300262158006,7.192866943899993,3.5782436143186906,0.0,7
1761810638405,8489129827045,ROT_VEC,0.3065346894106033,-0.14994549475841823,0.30878784976729146,0.20645220783854445,7
1761810638405,8489129827045,MAG,1.6806827379387421,-24.035237978662643,-23.21451598045347,0.0,7
1761810638405,8489129827045,GYRO,0.04600941565920341,-0.10483865911809039,0.035256982737815676,0.0,7
1761810638425,8489150098482,MAG,3.704983007066953,-25.736280918996865,4.0230602357576535,0.0,7
1761810638425,8489150098482,ACC,-0.978147273703198,6.711617745260583,6.1469502442508634,0.0,7
1761810638425,8489150098482,ROT_VEC,0.21436332864336535,-0.007972232044349735,-1.0654405664790454,0.516817275329376,7
1761810638425,8489150098482,GYRO,-0.024078000500067517,-0.12872388753126418,0.015620504616483915,0.0,7
1761810638445,8489170369919,GYRO,-0.055044342716224895,-0.12093088907804574,-0.001796271414394837,0.0,7
1761810638445,8489170369919,ACC,-1.5829903450702223,9.882673274619075,4.968868259333618,0.0,7
1761810638445,8489170369919,ROT_VEC,0.18746693689342017,0.2052240735461638,-0.29556328804928267,0.6337420504033314,7
1761810638445,8489170369919,MAG,-10.539030972711332,-42.383746595992896,-21.377433644013877,0.0,7
1761810638465,8489190641356,ROT_VEC,0.2876130478460465,0.3898318921363268,0.2757977292288659,0.820385923882177,7
1761810638465,8489190641356,MAG,9.900392481529087,-57.06792684641825,-7.878316823637904,0.0,7
1761810638465,8489190641356,GYRO,-0.01057605098174633,-0.09032621021570425,-0.01757901155640465,0.0,7
1761810638465,8489190641356,ACC,-0.08301199918419083,7.833618828967428,7.460121699013617,0.0,7
1761810638486,8489210912793,ROT_VEC,0.3756536107113864,0.6913138077791894,0.7577355715791527,0.5844051001115558,7
1761810638486,8489210912793,GYRO,-0.021963609174577185,-0.04835460819844746,0.04156159553585554,0.0,7
1761810638486,8489210912793,MAG,10.418532702934803,-28.413464037367376,0.8123161483290211,0.0,7
1761810638486,8489210912793,ACC,-1.539054080722961,9.873414757088861,3.7067314063764525,0.0,7
1761810638506,8489231184230,ACC,0.10354090103361033,6.815031258859082,4.262250370773562,0.0,7
1761810638506,8489231184230,ROT_VEC,0.23766765975278475,0.4105969947406077,1.367860165993269,0.08971656758100346,7
1761810638506,8489231184230,GYRO,0.035730506954750024,0.03620080190114025,-0.019088243659276773,0.0,7
1761810638506,8489231184230,MAG,10.266125806502139,-31.651961590422935,-17.974582327367045,0.0,7
1761810638526,8489251455666,GYRO,-0.03871863233890498,0.17119689421096074,0.0011176835536753148,0.0,7
1761810638526,8489251455666,ACC,-1.0954518819689958,6.931750502076123,4.46562964294992,0.0,7
1761810638526,8489251455666,MAG,31.964346877242143,-21.401309450061476,-14.56874991686849,0.0,7
1761810638526,8489251455666,ROT_VEC,0.10007206193310872,-0.02131097189768196,-0.5735346589957799,0.37965656446159374,7
1761810638546,8489271727103,ROT_VEC,0.28568674499347924,-0.18061271740318868,0.6685024881578017,0.3419602992595569,7
1761810638546,8489271727103,MAG,-8.012678219281918,-24.994996427448022,2.784341660620413,0.0,7
1761810638546,8489271727103,GYRO,-0.01673917819170552,-0.23505418982072515,0.0039048010271527317,0.0,7
1761810638546,8489271727103,ACC,-2.507080624428689,9.061028563439898,4.582664466848383,0.0,7
1761810638567,8489291998540,GYRO,0.03642737215831268,0.10593938501431632,0.02161615362401391,0.0,7
1761810638567,8489291998540,ACC,0.29377128728401414,9.664892156816604,3.800684215571578,0.0,7
1761810638567,8489291998540,MAG,17.972097763157752,-30.389923080042056,-13.721813476879912,0.0,7
1761810638567,8489291998540,ROT_VEC,0.14762528943347733,-0.5348254054031889,0.4588057474205423,0.6597994566227808,7
1761810638587,8489312269977,GYRO,-0.03331478939450906,0.08742014874521901,-0.0002080215390311323,0.0,7
1761810638587,8489312269977,ACC,0.3048932373444233,6.992161132199482,5.295235792426954,0.0,7
1761810638587,8489312269977,MAG,6.031024144487916,-34.13362788659307,-16.691704803380368,0.0,7
1761810638587,8489312269977,ROT_VEC,0.3615926176805171,0.2982399724781354,0.19041023011301614,0.487141699538025,7
1761810638607,8489332541414,MAG,23.40085943590916,-56.73165526151677,-8.537256516747888,0.0,7
1761810638607,8489332541414,ROT_VEC,0.31126291189995864,0.12804054129799583,-0.41528283524218357,0.55869903782523,7
1761810638607,8489332541414,GYRO,0.03739503399332431,0.03424427372108984,-0.009991393496454275,0.0,7
1761810638607,8489332541414,ACC,-1.6116964351568805,5.667552813783602,6.682442426156937,0.0,7
1761810638627,8489352812851,ACC,-1.4599502390561876,5.195632605473587,5.974385656801675,0.0,7
1761810638627,8489352812851,GYRO,0.009698035065679894,-0.10157357840798342,-0.010815152833795782,0.0,7
1761810638627,8489352812851,ROT_VEC,0.2524589433926714,0.150681990983698,-1.2304203480415206,0.44315147721405607,7
1761810638627,8489352812851,MAG,4.325313592003794,-26.056459930751366,-5.39053702668096,0.0,7
1761810638648,8489373084287,ROT_VEC,0.3471359905997456,-0.15493525316922108,-0.5929163397655117,0.5546674019244713,7
1761810638648,8489373084287,MAG,12.648939858086251,-10.768981286391321,-15.581706997769274,0.0,7
1761810638648,8489373084287,ACC,-2.204098205844738,6.057098830693873,4.96275067822234,0.0,7
1761810638648,8489373084287,GYRO,0.0007182534772305804,0.2161309136746768,0.022185621886220946,0.0,7
1761810638668,8489393355724,ROT_VEC,0.2953038292137835,0.45702722315974764,-0.25285146158653826,0.4903599033424802,7
1761810638668,8489393355724,MAG,39.88718604164107,-15.08173697065834,-9.770457592952033,0.0,7
1761810638668,8489393355724,ACC,-0.9303617209556067,6.556716090347327,4.470487576218193,0.0,7
1761810638668,8489393355724,GYRO,-0.024933422003682173,-0.28516374240732245,-0.000764128829589109,0.0,7
1761810638688,8489413627161,MAG,19.243738665417748,-19.523902092250992,-5.000603333624514,0.0,7
1761810638688,8489413627161,GYRO,0.0015818515215071964,0.0059796717923513015,-0.01395356105971633,0.0,7
1761810638688,8489413627161,ROT_VEC,0.3124472806236853,0.8094357068761434,-1.2282345108248454,0.8046844740748711,7
1761810638688,8489413627161,ACC,-0.7311854062832621,6.9340946110936805,6.909252208147777,0.0,7
1761810638709,8489433898598,MAG,10.43189786764122,-29.910440170641053,-1.4216499469642154,0.0,7
1761810638709,8489433898598,GYRO,-0.008990249783332382,-0.2752029149363207,0.0151567163541507,0.0,7
1761810638709,8489433898598,ACC,-0.33892935382320966,6.392850571379793,5.596302556683422,0.0,7
1761810638709,8489433898598,ROT_VEC,0.14788041814771183,0.06457775494357963,0.27200480712791125,0.19378768031146337,7
1761810638729,8489454170035,GYRO,-0.05164250805010501,-0.031096982780742997,0.004697708495664373,0.0,7
1761810638729,8489454170035,MAG,30.674895007405247,-14.914001168060317,-14.873747889041185,0.0,7
1761810638729,8489454170035,ACC,-1.0682689997409558,6.479309756699605,5.53382618373623,0.0,7
1761810638729,8489454170035,ROT_VEC,0.2157795082037629,0.5654433402692519,0.2983979362743729,0.45912585508351395,7
1761810638749,8489474441471,MAG,-5.565482235339779,-49.61628709573341,-17.410799075433133,0.0,7
1761810638749,8489474441471,GYRO,0.02867180158558583,0.23569522091517175,0.012536987754064255,0.0,7
1761810638749,8489474441471,ACC,-2.3597616454756367,4.76845187068931,6.097172761122636,0.0,7
1761810638749,8489474441471,ROT_VEC,0.20969307686357339,-0.0045823619351249845,-0.2604619504070047,0.47184177498621216,7
1761810638769,8489494712908,MAG,0.39034575856925047,-30.02900032307305,-10.788996878025538,0.0,7
1761810638769,8489494712908,ACC,-1.7290105471611028,7.198578840520157,6.260567007517215,0.0,7
1761810638769,8489494712908,GYRO,0.03080785372556841,-0.0373225614681818,-0.0010651304611459184,0.0,7
1761810638769,8489494712908,ROT_VEC,0.30327573089646503,-0.3109958493754862,-0.4796171767063303,0.4660440052854584,7
1761810638790,8489514984345,ROT_VEC,0.18215983851148343,0.24224514103960965,0.12621338990356024,0.41934280299965887,7
1761810638790,8489514984345,MAG,-3.850865008593964,-29.217999706665026,-7.669841723553934,0.0,7
1761810638790,8489514984345,GYRO,-0.00025226514890742263,0.1268570166113721,0.029387595439510802,0.0,7
1761810638790,8489514984345,ACC,0.9621510395846496,8.34555084575055,4.46883620328242,0.0,7
1761810638810,8489535255782,ACC,-2.0022797593277946,9.455633653645837,5.720833805925637,0.0,7
1761810638810,8489535255782,MAG,8.890759944904934,-20.483907698163115,-12.410815371602629,0.0,7
1761810638810,8489535255782,GYRO,0.021015207834596265,0.09682121785875324,-0.0019295950852895403,0.0,7
1761810638810,8489535255782,ROT_VEC,0.24726626184988282,0.188576590697775,0.848236541837502,0.5382755856560641,7
1761810638830,8489555527219,GYRO,0.003019635056446198,0.056768998433583816,0.03098578033595728,0.0,7
1761810638830,8489555527219,ROT_VEC,0.2234047273272907,-0.17580178677486105,0.7336965223016373,0.32098565915151844,7
1761810638830,8489555527219,ACC,-1.1478191351480922,10.190675586360308,5.577108449757179,0.0,7
1761810638830,8489555527219,MAG,79.51596929869405,-25.456360707680123,-7.993041559459497,0.0,7
1761810638850,8489575798656,MAG,18.47047472941818,-30.8231982720986,-20.577443524773397,0.0,7
1761810638850,8489575798656,GYRO,0.007305584222727554,-0.07917707800514714,0.02626207149221141,0.0,7
1761810638850,8489575798656,ROT_VEC,0.22468710243793724,-0.053030035067796986,0.8513040486798904,0.3338669950159361,7
1761810638850,8489575798656,ACC,-1.5900709019436088,4.41850105642824,3.799902385400048,0.0,7
1761810638871,8489596070092,GYRO,-0.010446195394372346,-0.11828660869692746,0.017008449879982714,0.0,7
1761810638871,8489596070092,ACC,-1.6911861250690179,7.198982164633625,6.265558149602507,0.0,7
1761810638871,8489596070092,MAG,4.03522083006361,-28.341903580770293,-19.70095905937454,0.0,7
1761810638871,8489596070092,ROT_VEC,0.2629322972064032,-0.37499878014369925,-1.275902495196849,0.32405850921803514,7
1761810638891,8489616341529,ACC,-2.046462911074933,7.5114548192754675,6.943651173157459,0.0,7
1761810638891,8489616341529,ROT_VEC,0.3051318770333282,0.32149423948739775,0.7658191664870271,0.13031765576863585,7
1761810638891,8489616341529,GYRO,-0.04492468142297635,-0.11700054086143008,-0.0003568345161041823,0.0,7
1761810638891,8489616341529,MAG,20.20163250869393,-18.139650802292238,-11.208977047472093,0.0,7
1761810638911,8489636612966,ACC,-2.183963776646551,7.459222832225555,5.878168754016591,0.0,7
1761810638911,8489636612966,ROT_VEC,0.19246618940623492,-0.042041096686324324,-0.45884786521533416,0.4734777477874811,7
1761810638911,8489636612966,GYRO,-0.043526474355007116,-0.12658740512945565,-0.050131018856965796,0.0,7
1761810638911,8489636612966,MAG,26.725357891694355,-28.312647359329624,-22.63617202557887,0.0,7
1761810638932,8489656884403,GYRO,0.03532002387062564,-0.04458016824518012,0.041035770745596604,0.0,7
1761810638932,8489656884403,ACC,-0.9003654512663287,8.273799032533777,6.023296332654072,0.0,7
1761810638932,8489656884403,ROT_VEC,0.1625878353796288,-0.04713230555758118,-0.7415989710772218,-0.08162885620619859,7
1761810638932,8489656884403,MAG,41.56422419000362,-41.15658545477823,-20.6962644961292,0.0,7
1761810638952,8489677155840,MAG,0.7938520219596525,-12.259787891452307,-8.286744618018048,0.0,7
1761810638952,8489677155840,ROT_VEC,0.25101524330355984,-0.4627219583348127,-0.7197968795712975,0.5207749379723404,7
1761810638952,8489677155840,GYRO,0.031746685292809,-0.19038574203998038,-0.005758690701549723,0.0,7
1761810638952,8489677155840,ACC,-0.4464977142589812,7.600449637191534,4.105516410303967,0.0,7
1761810638972,8489697427277,ROT_VEC,0.17365214078913763,-0.06544035824709823,-0.3487589697627775,0.3879899437190365,7
1761810638972,8489697427277,GYRO,0.04024085169258776,0.03253285017844555,-0.012205532925274045,0.0,7
1761810638972,8489697427277,MAG,8.6917763657363,-35.590841005622956,-25.421440315864007,0.0,7
1761810638972,8489697427277,ACC,-0.9034144569699885,8.00760491906068,4.371685169050935,0.0,7
1761810638992,8489717698713,GYRO,-0.05557379701415567,-0.06975455584556822,-0.04165241853462229,0.0,7
1761810638992,8489717698713,MAG,27.82250745169823,-36.5138659642071,-8.967819610075983,0.0,7
1761810638992,8489717698713,ACC,-1.4137741751495967,6.472130167906559,4.457267114550506,0.0,7
1761810638992,8489717698713,ROT_VEC,0.2278339194594185,-0.29616647424508635,-0.5238706511882404,0.5081307181829667,7
1761810639013,8489737970150,GYRO,-0.043762275834234934,-0.21508846109100532,0.008391878014622932,0.0,7
1761810639013,8489737970150,ROT_VEC,0.2038724903035534,0.19983505969960372,0.5964787223792694,0.17794021751186384,7
1761810639013,8489737970150,ACC,-0.803646975151162,8.365056273625205,4.9921771624701305,0.0,7
1761810639013,8489737970150,MAG,-1.5896403988156131,-28.801929146595242,-22.642994687569953,0.0,7
1761810639033,8489758241587,GYRO,-0.07755858698800541,-0.06259055077058621,-0.002862654195688873,0.0,7
1761810639033,8489758241587,ROT_VEC,0.2664293350533465,0.2670765091147663,-0.7364382041106365,0.9126343300147997,7
1761810639033,8489758241587,MAG,20.367491033199038,-38.18162123269598,-7.683040769062265,0.0,7
1761810639033,8489758241587,ACC,-0.7452145507829159,8.28114918589959,4.263192500523374,0.0,7
1761810639053,8489778513024,MAG,4.578763147779646,-37.4092770222635,-14.280682325215707,0.0,7
1761810639053,8489778513024,ACC,-1.664673261343458,5.816084502757959,5.462719782281775,0.0,7
1761810639053,8489778513024,GYRO,0.04450134244919867,0.1467433404471747,-0.026940523997922617,0.0,7
1761810639053,8489778513024,ROT_VEC,0.23308049547752954,0.5083136415159113,0.19114588582744257,0.5849289336512896,7
1761810639309,8490034332323,ACC,-0.05240513163067331,-0.14590585909196707,-0.14184551950554133,0.0,
1761810639309,8490034332323,MAG,0.0805428876656546,-0.03473757947397256,0.10147087246733051,0.0,
1761810639309,8490034332323,GYRO,-0.029890165611844922,-0.12721002260177566,0.18887335309098047,0.0,
1761810639309,8490034332323,ROT_VEC,0.0021129433515012035,-0.18917686401348985,-0.12769778527589978,0.0,
1761810639565,8490290151622,ACC,-0.5475256733245244,8.36500918009427,4.219276607435535,0.0,5
1761810639565,8490290151622,GYRO,-0.03656794128307155,-0.059801871557117144,0.02705678710545057,0.0,5
1761810639565,8490290151622,ROT_VEC,0.16146593165780235,-0.21990751097032873,0.7933515844742758,0.27007272336411614,5
1761810639565,8490290151622,MAG,-15.485174286042524,-31.389946200775498,-11.801493864114754,0.0,5
1761810639585,8490310493074,ROT_VEC,0.24983769934368574,0.4437793398382157,0.16089111743035198,0.662473391111498,5
1761810639585,8490310493074,MAG,21.69850202288017,-29.887223556537496,1.02698280782981,0.0,5
1761810639585,8490310493074,ACC,-0.587187338049468,8.773109717207888,4.383862465966213,0.0,5
1761810639585,8490310493074,GYRO,-0.03391202417953134,0.03295859352524164,0.007120124044359068,0.0,5
1761810639606,8490330834527,MAG,30.65043528671785,-31.247438025295647,-19.611353978235076,0.0,5
1761810639606,8490330834527,ROT_VEC,0.2551575156461726,0.15667213758224102,0.16496743150477183,0.4265973371236333,5
1761810639606,8490330834527,ACC,-0.8396701771961493,10.270846132736864,6.687357564162467,0.0,5
1761810639606,8490330834527,GYRO,0.040549736901475245,0.10351140488297489,-0.020353657776766124,0.0,5
1761810639626,8490351175979,GYRO,-0.009004605549576356,-0.058833493968862796,-0.0215143422120947,0.0,5
1761810639626,8490351175979,MAG,16.507803173657663,-18.28752293448929,-14.293695302319449,0.0,5
1761810639626,8490351175979,ROT_VEC,0.3136268253931814,0.13005713789400009,-0.3043624876950084,0.4879034827719117,5
1761810639626,8490351175979,ACC,-1.5191509046952725,7.4300164423167665,4.101063795896167,0.0,5
1761810639646,8490371517432,MAG,29.683315335824126,-27.012106757234285,-22.71940844906252,0.0,5
1761810639646,8490371517432,ACC,-0.8738213675825259,5.213998670987232,5.262576894165229,0.0,5
1761810639646,8490371517432,ROT_VEC,-0.005938827021436175,-0.29187745220796785,1.2422505858191863,0.5810445267036961,5
1761810639646,8490371517432,GYRO,-0.04553292042655158,0.005793221614814378,0.01976380951871334,0.0,5
1761810639667,8490391858885,ROT_VEC,0.2544907434023416,0.05365460867265301,0.26360898303394176,0.8623404161750281,5
1761810639667,8490391858885,MAG,-26.473206032464198,-24.837912780054403,-19.785153630608495,0.0,5
1761810639667,8490391858885,ACC,-0.25522040414702957,8.071066150097563,6.169902446618998,0.0,5
1761810639667,8490391858885,GYRO,0.03269443658925798,0.005761824979722918,0.016160538103349095,0.0,5
1761810639687,8490412200337,MAG,19.36593292180238,-40.106960313228676,-30.20114654834824,0.0,5
1761810639687,8490412200337,GYRO,0.05236616272038888,0.06301825767647844,-0.004240744223188104,0.0,5
1761810639687,8490412200337,ROT_VEC,0.2783473083811804,-0.09320381675988867,-0.6992740717022238,0.7380353089174599,5
1761810639687,8490412200337,ACC,-1.0722798977594397,7.060909049780869,4.8243833728378585,0.0,5
1761810639707,8490432541790,MAG,1.8956019748673447,-26.39736776874237,-12.433152925874671,0.0,5
1761810639707,8490432541790,GYRO,-0.1318921448800652,0.004195287048920316,-0.00868668252474794,0.0,5
1761810639707,8490432541790,ROT_VEC,0.017450499100314588,0.2389459763174881,-1.004261724947036,0.03747269307786065,5
1761810639707,8490432541790,ACC,-1.2556052940757632,7.487188946068782,4.154134744497506,0.0,5
1761810639728,8490452883243,ROT_VEC,0.34015395702516943,0.029914468654961043,-0.11797314914425328,0.14405382575306935,5
1761810639728,8490452883243,MAG,31.814696767537242,-50.13323591972761,-12.186564762607992,0.0,5
1761810639728,8490452883243,ACC,-0.7281702124917303,8.185391307959431,3.7801441365841875,0.0,5
1761810639728,8490452883243,GYRO,0.02508928363540321,-0.12864829739715286,-0.044388562188246786,0.0,5
1761810639748,8490473224695,MAG,5.679440538401023,-25.46638742761314,-14.169891515458687,0.0,5
1761810639748,8490473224695,ROT_VEC,0.10908418416597743,0.5708589479903006,-1.1946817836507753,0.5830819432957146,5
1761810639748,8490473224695,ACC,-0.36686423495713694,8.07504253832995,4.417206344121869,0.0,5
1761810639748,8490473224695,GYRO,0.059107174846060095,0.09818635168054146,0.028175778278257523,0.0,5
1761810639768,8490493566148,MAG,25.164672820212182,-31.795936573393117,-15.870661995663125,0.0,5
1761810639768,8490493566148,ROT_VEC,0.2574151712310261,0.3272962819711429,-0.6221433984901029,0.6906455639485235,5
1761810639768,8490493566148,ACC,-0.5833425080567869,9.345918724384424,5.934415776920168,0.0,5
1761810639768,8490493566148,GYRO,0.045263201164341016,0.18474801119926795,0.00621676579993345,0.0,5
1761810639789,8490513907600,ACC,0.446208454034159,7.719723600021741,4.64801904021384,0.0,5
1761810639789,8490513907600,GYRO,-0.016162914481691812,-0.10049257367819768,0.0017248424935249736,0.0,5
1761810639789,8490513907600,MAG,60.79456367350114,-45.22646981838377,-13.809084369556327,0.0,5
1761810639789,8490513907600,ROT_VEC,0.26926426215022303,-0.085668359642632,0.11650026500523572,0.6065432940312542,5
1761810639809,8490534249053,GYRO,0.023532106229856256,-0.08980697800274165,0.028430037731995754,0.0,5
1761810639809,8490534249053,ACC,-1.0247220565422697,8.593400918922866,4.566769736745822,0.0,5
1761810639809,8490534249053,ROT_VEC,0.2020576215330209,0.3498218368376134,0.003158560597768187,0.6779287897831369,5
1761810639809,8490534249053,MAG,25.167373836678486,-31.749897596772158,-14.852356123483313,0.0,5
1761810639829,8490554590506,GYRO,-0.03844878612230207,-0.00523946695453811,0.00498170667684571,0.0,5
1761810639829,8490554590506,MAG,37.287211943508545,-24.095069756707836,-9.982346241420748,0.0,5
1761810639829,8490554590506,ROT_VEC,0.1954297972768897,0.6853117536994217,-0.358196558482651,0.3153194311650457,5
1761810639829,8490554590506,ACC,-0.6443156404589166,8.697016659037761,3.3855231121160507,0.0,5
1761810639850,8490574931958,GYRO,-0.027057857406468638,0.09503019068964749,0.022568114847256907,0.0,5
1761810639850,8490574931958,MAG,-5.189113891328554,-33.1103448276142,-10.694445156523603,0.0,5
1761810639850,8490574931958,ACC,-0.3600640839055316,11.035699026314783,3.8743309249786275,0.0,5
1761810639850,8490574931958,ROT_VEC,0.1557442433256506,0.14228924124781936,-0.07925345745968498,0.2457582697562375,5
1761810639870,8490595273411,GYRO,0.000979435374133501,-0.13388406264918754,0.009480668314100637,0.0,5
1761810639870,8490595273411,ACC,-1.7118463493351468,6.0252950983612195,4.025351348407951,0.0,5
1761810639870,8490595273411,ROT_VEC,0.24106228511182054,-0.025584238419583724,-0.8958748761264039,0.6974263347686677,5
1761810639870,8490595273411,MAG,41.774217453966024,-45.802223351900004,-13.507863641186008,0.0,5
1761810639890,8490615614864,ACC,-1.849798538258675,6.316772188894502,6.431790065939355,0.0,5
1761810639890,8490615614864,ROT_VEC,0.11082647926304925,0.3413211015357916,0.016847635014172593,0.7799186572086094,5
1761810639890,8490615614864,GYRO,0.005975077386159566,-0.11466618646985981,0.025931692049040493,0.0,5
1761810639890,8490615614864,MAG,-5.5621884079761035,-34.368036555033775,-19.950603671155445,0.0,5
1761810639911,8490635956316,ROT_VEC,0.30145506054540144,-0.14203721636731445,0.15583390885988158,0.28892691080919647,5
1761810639911,8490635956316,GYRO,0.024996008788833093,-0.19636060116440357,0.01744218999859207,0.0,5
1761810639911,8490635956316,MAG,12.332257860608346,-41.76215410198724,-13.037512669884734,0.0,5
1761810639911,8490635956316,ACC,-0.503259710574202,7.37849407725319,5.296126418644157,0.0,5
1761810639931,8490656297769,ACC,-1.307848735962705,8.991204676828877,2.279742104586657,0.0,5
1761810639931,8490656297769,GYRO,-0.021572067042655976,-0.12643420745267708,0.006778709795446619,0.0,5
1761810639931,8490656297769,MAG,19.149090088502458,-23.87819039576551,-10.76092326626567,0.0,5
1761810639931,8490656297769,ROT_VEC,0.34411983410888075,0.39953017116131395,0.03766390597559871,0.6264828757802049,5
1761810639951,8490676639221,MAG,27.031520618758194,-11.456916404982197,-17.087888282105347,0.0,5
1761810639951,8490676639221,ROT_VEC,0.3447903023921855,0.08035232948887076,0.547727708420968,0.4643911956357576,5
1761810639951,8490676639221,GYRO,-0.03402485916042201,0.05057302149054197,-0.01267967088603539,0.0,5
1761810639951,8490676639221,ACC,-1.1302694610253148,10.238130692034868,5.176587407087849,0.0,5
1761810639972,8490696980674,MAG,9.252594900497217,-41.72535884012303,-13.097672664889243,0.0,5
1761810639972,8490696980674,ACC,-0.3593399489069561,7.107885443624905,4.650934037245314,0.0,5
1761810639972,8490696980674,GYRO,-0.022711646481120187,-0.0762211379717756,-0.01721885787512533,0.0,5
1761810639972,8490696980674,ROT_VEC,0.17475792525619918,-0.3530467472001652,0.5597293211715453,0.1544454259872883,5
1761810639992,8490717322127,ROT_VEC,0.3942214889183595,0.5129952883495428,0.8074700147287126,0.02034094105542348,5
1761810639992,8490717322127,ACC,-1.548296360496902,6.654614909492285,5.8588311956120425,0.0,5
1761810639992,8490717322127,MAG,-5.320330141755317,-22.80704437025134,-12.567302782511872,0.0,5
1761810639992,8490717322127,GYRO,0.06855851054899867,-0.07401661964708645,-0.013777266409024744,0.0,5
1761810640012,8490737663579,GYRO,0.0227760684952081,0.028792566233001762,-0.011776005387686276,0.0,5
1761810640012,8490737663579,MAG,27.120358317724182,-12.252411787584547,-8.605755261327484,0.0,5
1761810640012,8490737663579,ACC,-1.2066751666447169,6.27524960698266,5.417142186478872,0.0,5
1761810640012,8490737663579,ROT_VEC,0.13236543846559062,0.5118647404309578,-0.8621405150969838,0.47134794499767596,5
1761810640033,8490758005032,GYRO,0.009592157279138477,-0.01752944894854626,-0.0013917096082696474,0.0,5
1761810640033,8490758005032,ROT_VEC,0.20912493084408726,-0.9937496896080392,0.5639570009013988,0.53342390664655,5
1761810640033,8490758005032,MAG,16.87914509342136,-48.618381379039946,-10.904739486190259,0.0,5
1761810640033,8490758005032,ACC,-0.050515034344078225,7.658175663379776,6.070237280284263,0.0,5
1761810640053,8490778346485,ROT_VEC,0.1598900803614803,-0.02853084107433397,-0.4701084846030342,0.5094199117700345,5
1761810640053,8490778346485,ACC,-0.6326345189881555,8.645105746147145,4.070808351590615,0.0,5
1761810640053,8490778346485,MAG,37.25423379633815,-29.127071310213537,-20.647266613757413,0.0,5
1761810640053,8490778346485,GYRO,-0.01751845420744719,0.13071873053395552,0.017354512931268558,0.0,5
1761810640073,8490798687937,ROT_VEC,0.15777764289448565,0.4244623569341592,-1.0465800451638416,0.5282265245384978,5
1761810640073,8490798687937,MAG,37.249504043555895,-25.861902761547583,-16.32354500462769,0.0,5
1761810640073,8490798687937,GYRO,-0.07637254295511726,-0.07129338208998462,0.013360303225981236,0.0,5
1761810640073,8490798687937,ACC,-1.0972546194867898,3.754431106099467,6.656967903170341,0.0,5
1761810640094,8490819029390,ROT_VEC,0.2642567666472966,-0.08852432334715407,0.20080373969956794,0.3255791587169364,5
1761810640094,8490819029390,GYRO,0.015588034590305878,0.06064189618024972,0.011737542274084842,0.0,5
1761810640094,8490819029390,ACC,-0.9962353110584938,9.085616225965719,5.818362042040489,0.0,5
1761810640094,8490819029390,MAG,1.2920902793187214,-42.85733895730087,-18.22668113761458,0.0,5
1761810640114,8490839370843,MAG,29.965522497436027,-52.74288463639886,-13.710517159333476,0.0,5
1761810640114,8490839370843,ACC,-0.8171499230915373,7.051645221077424,6.351069395975601,0.0,5
1761810640114,8490839370843,ROT_VEC,0.1569634423623643,0.04768016472852167,-0.3204092745785657,0.3032558884191135,5
1761810640114,8490839370843,GYRO,-0.0012874131272565034,0.05845485675837599,0.03464519868935552,0.0,5
1761810640134,8490859712295,GYRO,-0.05198859417801567,-0.07535370172886875,0.006063403444639591,0.0,5
1761810640134,8490859712295,ACC,-0.7217047162404426,5.8371865967307714,2.9345595911171953,0.0,5
1761810640134,8490859712295,MAG,15.13092796758042,-22.172874183570656,-13.56935728990674,0.0,5
1761810640134,8490859712295,ROT_VEC,0.19475094057677675,-0.12126930784951159,-0.32614114819667156,0.621448699124757,5
1761810640155,8490880053748,MAG,20.92270060869089,-25.596504336500224,-17.795541821597535,0.0,5
1761810640155,8490880053748,GYRO,-0.05288981072646474,0.06019875728918068,-0.016593907009856856,0.0,5
1761810640155,8490880053748,ACC,-1.4613513262109783,9.714259738576189,2.6916397183445957,0.0,5
1761810640155,8490880053748,ROT_VEC,-0.0894231610209686,-0.37382741505647277,-0.25389540964201435,0.6039091382022795,5
1761810640175,8490900395200,ROT_VEC,0.31305080831596127,-0.463793418056516,0.34089167500734857,0.29847383414026796,5
1761810640175,8490900395200,GYRO,0.024633302787345938,0.028532155064507524,-0.01818007589310067,0.0,5
1761810640175,8490900395200,MAG,8.371460972025812,-28.500009043797363,-12.9807680157985,0.0,5
1761810640175,8490900395200,ACC,-1.2528997430841022,9.287913993980702,5.009365892800558,0.0,5
1761810640195,8490920736653,MAG,-14.139666953179079,-47.14428950003235,-15.597855887409544,0.0,5
1761810640195,8490920736653,ACC,-0.08480886094161354,9.396325940966392,5.881767397267776,0.0,5
1761810640195,8490920736653,ROT_VEC,0.22637652994224866,0.19190860867669185,0.5770478270668113,0.5046470343075424,5
1761810640195,8490920736653,GYRO,-0.07200117546861125,0.013391754831396763,-0.003875568642099392,0.0,5
1761810640216,8490941078106,ACC,-1.6676233200094892,8.188286011961102,4.740986511128689,0.0,5
1761810640216,8490941078106,MAG,13.363926025281689,-39.30136520941593,-14.135741754842044,0.0,5
1761810640216,8490941078106,GYRO,0.0242505974595401,-0.0070079056796722855,-0.015252457690996759,0.0,5
1761810640216,8490941078106,ROT_VEC,0.2412387168775185,-0.11495960858120859,0.9513111207957476,0.618003805000723,5
1761810640236,8490961419558,ROT_VEC,0.2759246129072989,0.09417020295154187,4.7672933891857415e-05,0.09121941302975298,5
1761810640236,8490961419558,GYRO,0.05150295832140856,0.07343472130916281,0.0032408799507793132,0.0,5
1761810640236,8490961419558,MAG,-9.420169400694846,-30.25484883174,-16.31952567417353,0.0,5
1761810640236,8490961419558,ACC,0.32163458049544447,8.0341632000688,5.509950754163236,0.0,5
1761810640256,8490981761011,GYRO,-0.013847754539147578,-0.1215807222471815,0.00880951502609505,0.0,5
1761810640256,8490981761011,MAG,28.48742021094094,-37.89054052143845,-8.591928137047706,0.0,5
1761810640256,8490981761011,ACC,-0.4825266801487027,5.898617308748538,6.561234868646067,0.0,5
1761810640256,8490981761011,ROT_VEC,0.1273061476932454,0.018851749064911404,-0.17003990889757964,0.46732014169641484,5
1761810640277,8491002102464,ACC,-0.7860555207405416,8.88542686917682,5.586271060183809,0.0,5
1761810640277,8491002102464,MAG,8.479425661361553,5.653488029881107,-10.532943959649437,0.0,5
1761810640277,8491002102464,ROT_VEC,0.26549913893861027,-0.35470374233952406,-0.7297626035581264,0.45316387546107706,5
1761810640277,8491002102464,GYRO,-0.15251968601552193,-0.056703191352200234,-0.012196111610555551,0.0,5
1761810640297,8491022443916,ROT_VEC,0.28765743151090145,-0.38852570918904056,0.599958526830193,0.6248330966568552,5
1761810640297,8491022443916,GYRO,-0.11322634135823613,-0.09721877641665488,0.035040090971319084,0.0,5
1761810640297,8491022443916,MAG,9.301229286417028,-36.895438456189666,-13.661386677001179,0.0,5
1761810640297,8491022443916,ACC,-0.20150393468233954,7.852033444714475,5.562689477838301,0.0,5
1761810640317,8491042785369,GYRO,-0.012344889021023556,0.003000327754825293,0.025207590645637924,0.0,5
1761810640317,8491042785369,ACC,-0.6624725180047148,9.614476186788425,5.857068530480759,0.0,5
1761810640317,8491042785369,ROT_VEC,0.19959120943078126,0.10784838241153667,-0.4164072672606462,0.42766896155027156,5
1761810640317,8491042785369,MAG,3.297532233964416,-21.11095973246587,-20.53260633358717,0.0,5
1761810640338,8491063126821,MAG,21.333583891699284,-31.87080947373492,-11.552947413622084,0.0,5
1761810640338,8491063126821,ACC,-0.8794539194814447,6.684388513333774,4.2864321229220375,0.0,5
1761810640338,8491063126821,GYRO,0.0116571586233072,0.03464490556562459,-0.013904487610438169,0.0,5
1761810640338,8491063126821,ROT_VEC,0.29433443177153246,-0.1801869458852892,-0.12991293207624954,0.2607913489907169,5
1761810640358,8491083468274,MAG,16.443293703972117,0.5792756153353347,-3.9649730027414116,0.0,5
1761810640358,8491083468274,ACC,-0.3021682219980458,5.852432150870259,3.592160590276849,0.0,5
1761810640358,8491083468274,GYRO,0.07346564411059678,-0.148691538910017,0.001373583403261349,0.0,5
1761810640358,8491083468274,ROT_VEC,0.2571760691745825,-0.011876475180678449,0.1631405209201622,0.33474299200508756,5
1761810640378,8491103809727,MAG,-7.162079335236122,-47.874816939479764,-23.503922718059844,0.0,5
1761810640378,8491103809727,ROT_VEC,0.21612002816479087,-0.28136217895327087,0.38244032176965587,0.385054150642245,5
1761810640378,8491103809727,ACC,-1.5438833278465482,7.450663405826586,5.650648778421917,0.0,5
1761810640378,8491103809727,GYRO,0.10138323669055667,0.04029137037221161,0.04974456203616359,0.0,5
1761810640399,8491124151179,MAG,17.338693253922976,-41.21305512505892,-18.243621360994982,0.0,5
1761810640399,8491124151179,ACC,0.6467294222295855,8.486598846150235,7.63959760321408,0.0,5
1761810640399,8491124151179,GYRO,0.07909817723302562,0.02823489308972178,-0.0029603944557863135,0.0,5
1761810640399,8491124151179,ROT_VEC,0.4005474970824609,0.24331032988568693,-0.3182500318523216,0.3200353599493779,5
1761810640419,8491144492632,MAG,41.27802571027471,-35.97808855018186,-12.813545335148302,0.0,5
1761810640419,8491144492632,ACC,-0.5128575788613995,9.643560155154356,3.961044960091243,0.0,5
1761810640419,8491144492632,GYRO,0.10517374925107725,-0.12734148576643844,0.02817567803156256,0.0,5
1761810640419,8491144492632,ROT_VEC,0.18634620083508188,-0.16716524817360098,-0.0776443994898976,0.48857223393799504,5
1761810640440,8491164834085,ROT_VEC,0.21113047266347,0.48347208909026834,1.0464634491703162,0.2412098370729604,5
1761810640440,8491164834085,GYRO,0.03554144943047838,-0.1045033322320158,0.003938436566924743,0.0,5
1761810640440,8491164834085,ACC,-1.5603614643595274,7.908908156706217,3.4755779900350388,0.0,5
1761810640440,8491164834085,MAG,27.987543766561686,-35.87294089542735,-7.105737982065378,0.0,5
1761810640460,8491185175537,ROT_VEC,0.1464150336180107,0.03093603057862304,-0.1759802520075439,0.31424691516278097,5
1761810640460,8491185175537,GYRO,-0.010705444896845537,0.01886313176417278,0.019406850323636107,0.0,5
1761810640460,8491185175537,ACC,-0.7706744051792855,8.030959774012521,5.2400739733290385,0.0,5
1761810640460,8491185175537,MAG,3.4866014270361876,-32.88547445808936,-26.586997666428417,0.0,5
1761810640480,8491205516990,GYRO,-0.05369000739055651,-0.019311564185748555,-0.015412724884000332,0.0,5
1761810640480,8491205516990,MAG,1.0440063720443664,-19.613362720095775,-4.118733655628208,0.0,5
1761810640480,8491205516990,ACC,-0.8087780132820345,9.007038679353595,5.864339496884209,0.0,5
1761810640480,8491205516990,ROT_VEC,0.15990987934176337,0.27417315130532127,0.6724220935044551,0.39367893584347413,5
1761810640501,8491225858442,ACC,-1.2203612165282096,7.449439482738308,4.74148684425853,0.0,5
1761810640501,8491225858442,ROT_VEC,0.28662155478668233,0.18717164366259073,0.5063376847737324,0.07323983474988519,5
1761810640501,8491225858442,GYRO,0.04613732153847405,-0.020045250719779164,-0.014842646028140399,0.0,5
1761810640501,8491225858442,MAG,22.722269839081136,-26.493790095942263,-1.7594076870479707,0.0,5
1761810640521,8491246199895,MAG,8.8457304412705,-12.427017207367102,-13.979445929319347,0.0,5
1761810640521,8491246199895,ACC,0.19854690866251673,5.086194779974189,6.5922032967827375,0.0,5
1761810640521,8491246199895,ROT_VEC,0.2972584292432996,-0.013370652040340422,-1.307829376396764,0.5580359117798807,5
1761810640521,8491246199895,GYRO,-0.023529667460075787,-0.04783236725646161,0.026932009117822273,0.0,5
1761810640541,8491266541348,GYRO,0.043417649971407284,0.1408350685552665,-0.00029999607298579543,0.0,5
1761810640541,8491266541348,MAG,34.591274679574724,-13.631221172138881,-16.75742484609546,0.0,5
1761810640541,8491266541348,ACC,-2.0835669487560033,7.448510785469261,6.719711369197586,0.0,5
1761810640541,8491266541348,ROT_VEC,0.12111385164818432,-0.021925441859831474,-0.5072493342969312,0.43893116237184904,5
1761810640562,8491286882800,ACC,-0.7883724887654976,5.696484760305544,4.653884060567656,0.0,5
1761810640562,8491286882800,MAG,5.898533221194672,-33.02716684303014,-13.181730367176673,0.0,5
1761810640562,8491286882800,GYRO,-0.019878686246270087,0.08012813092145063,0.054278741807623966,0.0,5
1761810640562,8491286882800,ROT_VEC,0.16898898395799494,0.11362759743564226,0.03676595864591832,0.5628860722111185,5
1761810640582,8491307224253,GYRO,0.009652282905968694,0.15671488526855915,-0.0024653825760184746,0.0,5
1761810640582,8491307224253,MAG,8.713589498697367,-15.226872857187423,-2.868795460908888,0.0,5
1761810640582,8491307224253,ROT_VEC,0.1567221640478711,-0.10448408340678435,-0.7153305969981983,0.2888437870800399,5
1761810640582,8491307224253,ACC,-0.5952195816737131,8.918081902139543,7.020327416272559,0.0,5
1761810640602,8491327565706,GYRO,0.053914049846588805,-0.01679455954432289,-0.010055896361074644,0.0,5
1761810640602,8491327565706,ROT_VEC,0.270073576480732,0.23008193051250886,0.227494255346562,0.5167896821750232,5
1761810640602,8491327565706,MAG,37.69235885426683,-18.213939403476708,-3.9864269897742712,0.0,5
1761810640602,8491327565706,ACC,-0.6731961983815072,6.053353422575205,4.575634553516945,0.0,5
1761810640623,8491347907158,GYRO,0.03538404960693464,-0.09681273254829101,-0.0034454963696387373,0.0,5
1761810640623,8491347907158,ROT_VEC,0.21489350972593785,0.2264257802829534,-0.8757859189662962,0.6325129594260237,5
1761810640623,8491347907158,MAG,29.739193545833032,-17.193103557074956,-35.27345741203472,0.0,5
1761810640623,8491347907158,ACC,-0.6069449053612166,7.3644653099567,5.405398560685578,0.0,5
1761810640643,8491368248611,ROT_VEC,0.16468490026384275,-0.03797621234754704,-0.5605892985683492,0.46096544407648693,5
1761810640643,8491368248611,ACC,-1.0172225670109147,9.453351778361084,5.17300659724076,0.0,5
1761810640643,8491368248611,MAG,2.2473584482240963,-36.61624470975398,-6.423349402224532,0.0,5
1761810640643,8491368248611,GYRO,0.1484099846903073,-0.07191693602263435,0.006721777485799409,0.0,5
1761810640663,8491388590063,GYRO,-0.01575739240692652,0.03310081756512237,0.009884624956770819,0.0,5
1761810640663,8491388590063,ACC,-0.7704017583897278,7.798733261723833,4.843104332663041,0.0,5
1761810640663,8491388590063,ROT_VEC,0.25227525351778285,0.22709868536649327,-0.5525828504285292,0.7269042960140748,5
1761810640663,8491388590063,MAG,13.40712208982796,-43.97910261249712,-25.897827391690893,0.0,5
1761810640684,8491408931516,GYRO,0.03900391997446659,-0.10224363967348586,-0.012706131251770704,0.0,5
1761810640684,8491408931516,ACC,-1.146766870750409,5.880940950630461,3.44575252232691,0.0,5
1761810640684,8491408931516,ROT_VEC,0.382768813524039,-0.1540414551882446,0.017985771674189605,0.7766580212783323,5
1761810640684,8491408931516,MAG,11.493944389728933,-35.68667138252322,-14.85261315942835,0.0,5
1761810640704,8491429272969,GYRO,0.006707112274776649,-0.0030052324617998744,0.015467034812338243,0.0,5
1761810640704,8491429272969,ROT_VEC,0.1808742403868993,0.01108688679324682,0.5140181299683861,0.7749543470304344,5
1761810640704,8491429272969,MAG,19.058012497797115,-25.582506202401778,-11.316206163038798,0.0,5
1761810640704,8491429272969,ACC,-0.23138260115214637,7.232465028217542,4.626913041332479,0.0,5
1761810640724,8491449614421,ROT_VEC,0.2764287363022447,0.43479561242326736,-0.6823075644926272,0.698843047123448,5
1761810640724,8491449614421,GYRO,0.006796273917556139,-0.007354008951543044,0.022077122759152194,0.0,5
1761810640724,8491449614421,ACC,-1.3713198529797828,5.093617625172422,6.250541095357243,0.0,5
1761810640724,8491449614421,MAG,7.885876524804318,-22.191061644644826,-23.446829475032896,0.0,5
1761810640745,8491469955874,GYRO,0.059967935510187316,0.09807245399731135,-0.0034323609542461914,0.0,5
1761810640745,8491469955874,MAG,-8.061605839530069,-39.33871703234804,-4.681129297222414,0.0,5
1761810640745,8491469955874,ROT_VEC,0.05878831492913826,0.04028422314629764,0.19261948920165511,0.42311335001196604,5
1761810640745,8491469955874,ACC,-1.3987276563311817,9.041289671976246,5.581634434401233,0.0,5
1761810640765,8491490297327,MAG,8.342682327595284,-25.015049108617937,-16.68773320361822,0.0,5
1761810640765,8491490297327,ACC,-0.6403326098548944,8.024852527003137,5.186534728404495,0.0,5
1761810640765,8491490297327,ROT_VEC,0.32146228765522183,-0.21240705897087417,-0.5133314583348219,0.746805085589818,5
1761810640765,8491490297327,GYRO,0.0008267291828496746,-0.019933860655551215,-0.010773817271217753,0.0,5
1761810640785,8491510638779,ACC,-0.4645633417863125,7.74455976534315,5.293138792648782,0.0,5
1761810640785,8491510638779,GYRO,0.04848461750328691,-0.020535001350098975,0.012143054905257564,0.0,5
1761810640785,8491510638779,MAG,33.623014279924625,-42.92395787675224,-18.169986999324266,0.0,5
1761810640785,8491510638779,ROT_VEC,0.20184601515521047,0.43733101995597634,0.09752983872732007,-0.00309476548085334,5
1761810640806,8491530980232,GYRO,0.00581449824300379,0.06576912432584182,-0.006138294104438339,0.0,5
1761810640806,8491530980232,ACC,-1.3112850122952955,7.989641104608352,3.390614044951534,0.0,5
1761810640806,8491530980232,ROT_VEC,0.3019938244247694,0.1654909278068688,-1.1506264686234957,0.568972744732326,5
1761810640806,8491530980232,MAG,-20.74721719327689,-16.076211560281845,-12.107187944798936,0.0,5
1761810640826,8491551321685,ACC,-0.5392764402928357,8.78610667440493,6.766091413205336,0.0,5
1761810640826,8491551321685,MAG,4.507999853881849,-23.458863977812843,-0.923803391409092,0.0,5
1761810640826,8491551321685,GYRO,-0.011718868322726615,0.01978282520517315,0.019251619576010202,0.0,5
1761810640826,8491551321685,ROT_VEC,0.11395113009265738,-0.27199114682576697,-1.2544066232956135,0.2781233719714262,5
1761810640846,8491571663137,MAG,19.322500715279002,-30.354089249685398,-7.6631595994533175,0.0,5
1761810640846,8491571663137,ROT_VEC,0.2309539454491806,0.37405200134256494,0.28497383462685094,0.6701931926616544,5
1761810640846,8491571663137,GYRO,0.08108154493012476,-0.10026063904233758,0.015222939152183363,0.0,5
1761810640846,8491571663137,ACC,-0.5474457709701707,8.232066525697652,4.61827710105926,0.0,5
1761810640867,8491592004590,ROT_VEC,0.310718955875834,0.35412554957112696,-0.08229267093094556,0.2473230179398082,5
1761810640867,8491592004590,MAG,16.214424172092926,-41.73454944557893,-3.6670821256204476,0.0,5
1761810640867,8491592004590,GYRO,0.07065937681214818,-0.012669730641974577,0.005009779200221215,0.0,5
1761810640867,8491592004590,ACC,-0.5718848490288911,9.972161990147372,5.989000957252555,0.0,5
1761810640887,8491612346042,ACC,-0.329805748057339,8.181750451316093,5.404627479118116,0.0,5
1761810640887,8491612346042,MAG,7.5931138876871715,-40.574568689056825,-14.600775501110375,0.0,5
1761810640887,8491612346042,ROT_VEC,0.3138568995359361,-0.04222990794290577,-0.1321938533148509,0.45293241058300326,5
1761810640887,8491612346042,GYRO,0.015711708954555245,-0.05940244325014052,0.016216048780378477,0.0,5
1761810640907,8491632687495,GYRO,0.02534433239911435,0.08260298990529491,0.011686482700838526,0.0,5
1761810640907,8491632687495,MAG,8.365848244929317,-19.288669076576234,-18.793118139274632,0.0,5
1761810640907,8491632687495,ROT_VEC,0.23029922383894494,0.2473937163136844,0.4573838659632383,0.28676649763070633,5
1761810640907,8491632687495,ACC,-0.08787433939653827,9.049039478367796,4.2790442567301294,0.0,5
1761810640928,8491653028948,ACC,0.767608052006119,6.137469650011991,3.1545705355325477,0.0,5
1761810640928,8491653028948,GYRO,0.04215614188864275,0.034080647057801394,-0.018693631373633574,0.0,5
1761810640928,8491653028948,MAG,-5.286141465902717,-28.69718921406643,-18.739983795471446,0.0,5
1761810640928,8491653028948,ROT_VEC,0.38740277000022816,-0.23464156043881954,-0.6949319985927218,0.38869290468468815,5
1761810640948,8491673370400,MAG,17.972600266754842,-42.27383522805109,-10.092476540842286,0.0,5
1761810640948,8491673370400,GYRO,0.050975951493929035,0.07838725868006965,0.025273965182514464,0.0,5
1761810640948,8491673370400,ACC,-0.5348246271071656,6.6002491016731275,5.679356821614259,0.0,5
1761810640948,8491673370400,ROT_VEC,0.2013150713821096,-0.2588819836462506,-0.5120309783760147,0.7473576511138477,5
1761810640968,8491693711853,ACC,-0.6290118034823189,5.314720785930544,4.935211976517976,0.0,5
1761810640968,8491693711853,GYRO,0.03604132062059039,0.03519096806239658,0.001987952639667246,0.0,5
1761810640968,8491693711853,ROT_VEC,0.1777693658923422,-0.21556001816503506,0.4495543362450025,0.47908955755597044,5
1761810640968,8491693711853,MAG,11.029564473443836,-25.037688734513903,-14.598274410368294,0.0,5
1761810640989,8491714053306,ROT_VEC,0.0882662925346252,-0.49750760973403024,-0.6317845565068618,0.6449336065894555,5
1761810640989,8491714053306,MAG,23.98381495752564,-31.53989043622064,-17.91961745235216,0.0,5
1761810640989,8491714053306,ACC,-1.4571840593640617,9.186630751885014,5.482443997780303,0.0,5
1761810640989,8491714053306,GYRO,0.041366803210390074,0.0942166588493012,0.0023005539361272338,0.0,5
1761810641009,8491734394758,ROT_VEC,0.3855174151937877,-0.10366234228863924,-0.6373927155907815,0.6516885147216632,5
1761810641009,8491734394758,MAG,-0.7459217284269992,-16.5268352708317,-12.26312992231657,0.0,5
1761810641009,8491734394758,ACC,-0.9759246361904089,10.543787802394835,6.070371955995368,0.0,5
1761810641009,8491734394758,GYRO,-0.030725769553603066,0.059249443113679884,0.04492822213828892,0.0,5
1761810641029,8491754736211,MAG,-1.8183468872187523,-48.78742063501009,-3.8487302904833602,0.0,5
1761810641029,8491754736211,GYRO,-0.08100236213886822,0.025365063087263415,0.008222460547978778,0.0,5
1761810641029,8491754736211,ROT_VEC,0.19804695897154032,0.3451490582324792,0.6034439242192451,0.29881581414762803,5
1761810641029,8491754736211,ACC,0.22935141774752324,10.918843943689627,6.663548929287546,0.0,5
1761810641050,8491775077663,MAG,9.647216222047202,-37.88867021751248,-18.669332155411063,0.0,5
1761810641050,8491775077663,GYRO,0.11244538982853451,0.01098390591264485,0.03976677640800336,0.0,5
1761810641050,8491775077663,ACC,-1.3801599934987987,6.3209552411859455,4.808056503461185,0.0,5
1761810641050,8491775077663,ROT_VEC,0.21131328139173677,-0.010375570223087952,-0.08893763843387648,0.22352884655386088,5
1761810641070,8491795419116,GYRO,-0.004213781620236693,-0.05935042010511148,-0.006870153627897411,0.0,5
1761810641070,8491795419116,MAG,3.852099434728749,-37.97305249248858,-1.6868761134545829,0.0,5
1761810641070,8491795419116,ACC,-0.19291189305403672,5.721277509940249,5.16316491585847,0.0,5
1761810641070,8491795419116,ROT_VEC,0.015379636185039982,0.12055412438307908,-0.8884841892440379,0.29749118244742007,5
1761810641090,8491815760569,MAG,-7.228283266928189,-50.240685699724054,-18.25561252088752,0.0,5
1761810641090,8491815760569,GYRO,-0.07556051207851278,-0.06962574211944833,0.017981243501053585,0.0,5
1761810641090,8491815760569,ACC,-0.001244774347144477,7.510605851074972,6.10600101600428,0.0,5
1761810641090,8491815760569,ROT_VEC,0.23089919910597648,-0.019891552135870308,-0.030941175280743707,0.435206460320345,5
1761810641111,8491836102021,MAG,18.380826141164853,-34.97416529076224,-4.972683657575441,0.0,5
1761810641111,8491836102021,ACC,-0.4065728613534967,7.656257670005431,6.692898760274399,0.0,5
1761810641111,8491836102021,GYRO,0.048003267297815747,-0.020739263941281054,0.017624292012616387,0.0,5
1761810641111,8491836102021,ROT_VEC,0.323417455134064,0.186871711142563,-0.4017842733858314,0.425435708292781,5
1761810641131,8491856443474,ROT_VEC,0.25822535159649723,-0.2543644820945608,-0.523960611581563,0.38143752233662875,5
1761810641131,8491856443474,MAG,-45.13804583341823,-8.847120557289339,-8.369700688275012,0.0,5
1761810641131,8491856443474,GYRO,-0.11823585836982856,0.11155589628062736,0.004197118887106409,0.0,5
1761810641131,8491856443474,ACC,-1.0376207364655143,7.552297788658461,4.386543683001886,0.0,5
1761810641151,8491876784927,ACC,-0.6297292817717,9.59336203911722,6.802006593811132,0.0,5
1761810641151,8491876784927,MAG,-9.139644589202176,-22.07801788892235,-3.215163464407051,0.0,5
1761810641151,8491876784927,GYRO,0.029503184606615895,-0.10335717960179218,-0.01362349444008435,0.0,5
1761810641151,8491876784927,ROT_VEC,0.03473349461040129,0.23811633771994395,0.2145767679145943,0.44174475804850144,5
1761810641172,8491897126379,GYRO,0.02390222030519146,0.13951848001108852,0.01908361651436729,0.0,5
1761810641172,8491897126379,ROT_VEC,0.1842711226991345,-0.3158858040990141,0.24942643752764304,0.1013640695190034,5
1761810641172,8491897126379,ACC,-1.3027365659776624,9.874658100488237,4.5033476268191315,0.0,5
1761810641172,8491897126379,MAG,-2.8621162171111414,-28.286640235090427,-27.12250887516739,0.0,5
1761810641192,8491917467832,MAG,44.55447816053049,-14.563663871303905,-28.905186309249203,0.0,5
1761810641192,8491917467832,GYRO,-0.006230456839711181,-0.05454640221550917,0.01816345408358025,0.0,5
1761810641192,8491917467832,ROT_VEC,0.38600064898551945,0.49861739950473705,-0.08541428991480611,0.8438746194596609,5
1761810641192,8491917467832,ACC,-0.7945667370411755,4.88542990939563,6.267402121816649,0.0,5
1761810641212,8491937809284,GYRO,0.026414938904058046,-0.18453194669610082,0.023006156457754445,0.0,5
1761810641212,8491937809284,ACC,-0.709149404388859,6.913610218281155,5.575806720580855,0.0,5
1761810641212,8491937809284,MAG,34.445137180526736,-18.32955255082632,-4.303080283539209,0.0,5
1761810641212,8491937809284,ROT_VEC,0.30012948978075926,-0.05125694234019003,0.6274950624819429,0.1883567916258241,5
1761810641233,8491958150737,ACC,-0.8251465285227828,7.092377969882757,6.097721938829903,0.0,5
1761810641233,8491958150737,ROT_VEC,0.23662441903138334,-0.29551885105119624,0.029750057028967675,0.6470401373549326,5
1761810641233,8491958150737,GYRO,0.02554246713092538,0.01680160434655609,-0.004170305225847127,0.0,5
1761810641233,8491958150737,MAG,-5.672812505114745,-40.07935965735906,-7.805086405933224,0.0,5
1761810641253,8491978492190,ACC,-0.6901137302996617,6.983581802226211,5.027190597616609,0.0,5
1761810641253,8491978492190,ROT_VEC,0.16370695478694142,0.25022494980657956,0.32557467782837846,0.37253836667409246,5
1761810641253,8491978492190,GYRO,0.053519424115679906,0.06583247572311676,0.004175812381905711,0.0,5
1761810641253,8491978492190,MAG,31.98042418512144,-31.914422609945188,-8.807419839486663,0.0,5
1761810641274,8491998833642,GYRO,0.08172047147399421,0.11290965537491611,0.013559005181043877,0.0,5
1761810641274,8491998833642,ACC,-1.1336333639381153,7.7895718195277475,4.139019704028186,0.0,5
1761810641274,8491998833642,ROT_VEC,0.31092271688025963,-0.17634485737965805,-0.23615472582284958,0.11064428296913302,5
1761810641274,8491998833642,MAG,-12.98819457723752,-51.313061812031876,-23.105188535404327,0.0,5
1761810641294,8492019175095,MAG,14.647444450601409,-44.21371160900211,-26.11040648946683,0.0,5
1761810641294,8492019175095,ROT_VEC,0.20320983823729918,0.4316069082531909,-1.0272235397348428,0.42316211731591474,5
1761810641294,8492019175095,GYRO,-0.0033127884460859578,-0.16645337468135613,-0.015328616303583007,0.0,5
1761810641294,8492019175095,ACC,-1.5804616589726286,7.704207185006939,4.088675887297358,0.0,5
1761810641314,8492039516548,ROT_VEC,0.19051097055118518,-0.8316382075337933,-0.4658772442798316,0.5714775138070172,5
1761810641314,8492039516548,GYRO,-0.025139800151953696,0.10161893954460824,0.031276504031073515,0.0,5
1761810641314,8492039516548,MAG,21.45580603460253,-2.742436401020517,-11.75903978169279,0.0,5
1761810641314,8492039516548,ACC,-0.32587290055609985,6.626285776837605,5.308747690523565,0.0,5
1761810641335,8492059858000,GYRO,0.00545618806262208,-0.02930686231034209,0.014847849437636796,0.0,5
1761810641335,8492059858000,MAG,19.05594766490977,-30.014281599473406,-9.534949621590295,0.0,5
1761810641335,8492059858000,ACC,-1.343075419219314,7.6570865583804935,6.371151842736871,0.0,5
1761810641335,8492059858000,ROT_VEC,0.16988765754373192,0.6693921783981799,-0.20569545799886593,0.6957330016529568,5
1761810641355,8492080199453,GYRO,0.029253897368632893,-0.08630600951092209,0.027596152959675185,0.0,5
1761810641355,8492080199453,ROT_VEC,0.2403974180083062,0.1596683804886639,-0.1113035911787267,-0.02615184327739265,5
1761810641355,8492080199453,ACC,-1.6692862835389803,8.534827980798001,6.3103775232392065,0.0,5
1761810641355,8492080199453,MAG,-8.504760921017745,-31.63502200672521,-24.844673126828862,0.0,5
1761810641375,8492100540905,GYRO,-0.02763490757222322,-0.051814192534608554,-0.0026402101562865736,0.0,5
1761810641375,8492100540905,ROT_VEC,0.2619342841810048,0.021139454681415547,-0.11822194805765886,0.664103297993797,5
1761810641375,8492100540905,MAG,0.8125721112162005,-12.880988325503377,0.12908621990070518,0.0,5
1761810641375,8492100540905,ACC,-1.4866912385881692,7.110431178330479,4.584381377652732,0.0,5
1761810641396,8492120882358,MAG,-9.694309320592122,-50.85661756077612,-11.315472059776894,0.0,5
1761810641396,8492120882358,ACC,-1.412319440391368,8.043730220011474,7.146543229683111,0.0,5
1761810641396,8492120882358,GYRO,0.018960064628405104,0.05584304449868576,-0.004059114228743209,0.0,5
1761810641396,8492120882358,ROT_VEC,0.14697078066331046,0.09307782962301961,-0.9785230545595026,0.3506732523338484,5
1761810641660,8492385692402,ACC,0.006388270664653609,0.21837961137359688,-0.16961215936873475,0.0,
1761810641660,8492385692402,MAG,0.08128187068072631,-0.016869292048385418,0.05844508560906275,0.0,
1761810641660,8492385692402,GYRO,0.039698963577539714,-0.07069983206290337,-0.11055216937238238,0.0,
1761810641660,8492385692402,ROT_VEC,-0.008439748018859798,0.05319352578863116,0.02428566669742351,0.0,
1761810641925,8492650502446,ACC,-0.27905117273108493,8.728133838521181,5.229762918045238,0.0,7
1761810641925,8492650502446,MAG,32.70612618092021,-42.33611926006154,-2.0688433432947235,0.0,7
1761810641925,8492650502446,ROT_VEC,0.2308218266804001,0.0712779143020253,-0.41009230126823926,0.2677245808508933,7
1761810641925,8492650502446,GYRO,0.038185106199150734,-0.054997234057898234,0.013172490440361301,0.0,7
1761810641945,8492670636674,MAG,22.252139600078948,-11.377762126530016,-13.150736383190587,0.0,7
1761810641945,8492670636674,ACC,-1.991107224398515,7.094280405476047,6.151025882346896,0.0,7
1761810641945,8492670636674,GYRO,0.05912148431541407,0.009680938399559507,0.012019507527935699,0.0,7
1761810641945,8492670636674,ROT_VEC,0.15728823687419,0.38907959615933396,1.714874939014163,0.3511773693291006,7
1761810641965,8492690770902,MAG,19.08061783481332,-37.495821011976204,-4.385469706460944,0.0,7
1761810641965,8492690770902,ACC,-0.5557959834013715,7.121947408284492,5.728011365112912,0.0,7
1761810641965,8492690770902,ROT_VEC,0.27390493125059834,0.20010675472928535,-0.6292230862668889,0.30180752727626725,7
1761810641965,8492690770902,GYRO,0.005353493216758971,-0.081368592143198,-0.0394756642657626,0.0,7
1761810641986,8492710905131,ROT_VEC,0.21230480592660486,0.4095088242799629,-0.5935310812242416,0.4911179872630463,7
1761810641986,8492710905131,MAG,33.66653110075349,-18.334698256448863,4.534781997675812,0.0,7
1761810641986,8492710905131,ACC,-1.4445811823981598,9.355499655948702,5.436052404140718,0.0,7
1761810641986,8492710905131,GYRO,-0.009873266304075506,-0.16253350150351725,-0.012475184300699944,0.0,7
1761810642006,8492731039359,MAG,52.41952113883854,-37.7031048589262,-19.048934330673834,0.0,7
1761810642006,8492731039359,ROT_VEC,0.31816873849716837,-0.06904017683716988,0.5683248661988409,0.44341497107896505,7
1761810642006,8492731039359,GYRO,0.0025464741146114635,-0.0720235966390326,0.027611145304216964,0.0,7
1761810642006,8492731039359,ACC,-0.18239098498493103,7.039068261187309,4.440513226389406,0.0,7
1761810642026,8492751173587,ACC,-1.1219871125316363,6.962283251928015,3.4509417980873063,0.0,7
1761810642026,8492751173587,MAG,32.52223425174736,-23.787151121654883,-4.398273978587577,0.0,7
1761810642026,8492751173587,GYRO,0.06871661107743456,0.04864005933600794,0.03794293341634295,0.0,7
1761810642026,8492751173587,ROT_VEC,0.17401793143472277,0.41787054337242824,-0.824990666269551,0.6362017215477134,7
1761810642046,8492771307815,MAG,27.976758317696664,-31.827159041037717,-23.221703698606795,0.0,7
1761810642046,8492771307815,ACC,-1.255131055828736,6.299058235499447,4.303698878982381,0.0,7
1761810642046,8492771307815,ROT_VEC,0.21989148542784176,0.23382853641271512,-0.2597834058591788,0.15979660435277177,7
1761810642046,8492771307815,GYRO,0.018021963866248228,-0.16557760534739374,0.008812419434722267,0.0,7
1761810642066,8492791442043,ACC,-1.0669026901336702,8.414199037932057,5.24615237805239,0.0,7
1761810642066,8492791442043,MAG,11.136546216644186,-18.521216458527476,-15.547135429541385,0.0,7
1761810642066,8492791442043,ROT_VEC,0.22390903813846766,-0.19603517522397187,-0.4348897870945633,0.33656479529578914,7
1761810642066,8492791442043,GYRO,0.006742158737454311,-0.13991144135940806,-0.009677752350677055,0.0,7
1761810642086,8492811576272,MAG,8.351062431570526,-12.206961124982833,-16.753174384684645,0.0,7
1761810642086,8492811576272,ROT_VEC,0.43367875574927134,0.004992416843869987,0.6139397755628815,0.3792317771396678,7
1761810642086,8492811576272,ACC,-0.49548102897233187,8.923474868224664,3.796841732382365,0.0,7
1761810642086,8492811576272,GYRO,-0.026886150339462914,0.04568482570076472,-0.010169038474528803,0.0,7
1761810642106,8492831710500,MAG,20.192789725050382,-28.296807034056442,-4.424078492146869,0.0,7
1761810642106,8492831710500,ACC,-1.1621486729540789,6.965646400465785,6.7673694958730275,0.0,7
1761810642106,8492831710500,GYRO,-0.01795046103250931,0.044027720094801534,-0.009175181276478647,0.0,7
1761810642106,8492831710500,ROT_VEC,0.11395243058304713,0.06618736150999963,0.6496596645709173,0.6101577411460097,7
1761810642127,8492851844728,ACC,-0.9376154505896428,8.774385890095875,3.4865981027797464,0.0,7
1761810642127,8492851844728,MAG,27.856518653660927,-49.81617172381178,-32.87748657785501,0.0,7
1761810642127,8492851844728,GYRO,0.0006704409986839806,0.20900442217236848,0.012077248804873625,0.0,7
1761810642127,8492851844728,ROT_VEC,0.4750086133794993,-0.10098940109814136,-0.02821370618162852,0.15364569314390977,7
1761810642147,8492871978956,MAG,14.224986129374239,-23.24470896897605,-5.908648442604033,0.0,7
1761810642147,8492871978956,GYRO,-0.051363041066581454,0.07508088136698275,-0.01839662234578973,0.0,7
1761810642147,8492871978956,ROT_VEC,0.27919019458674366,0.5302515732124938,0.4373997562068843,0.5987336291972472,7
1761810642147,8492871978956,ACC,-0.44858700546842933,9.977083291785839,3.402219391708121,0.0,7
1761810642167,8492892113184,ROT_VEC,0.3664686705080767,-0.2964280365038575,0.9401816344321324,0.5204256588322658,7
1761810642167,8492892113184,ACC,-1.5657011025492744,8.23970031480069,5.862139722555234,0.0,7
1761810642167,8492892113184,GYRO,0.09266041627740719,-0.018940159472833763,0.0012437180696153573,0.0,7
1761810642167,8492892113184,MAG,47.25676817705886,-34.29243130634232,-39.182543134845,0.0,7
1761810642187,8492912247412,MAG,23.166616395508306,-32.48023453113462,-16.43648950873255,0.0,7
1761810642187,8492912247412,ROT_VEC,0.2697373575063164,-0.010973518721586653,0.73226245457494,0.3089228911277719,7
1761810642187,8492912247412,GYRO,0.034986061421956455,-0.04535262254130367,0.009349345756103118,0.0,7
1761810642187,8492912247412,ACC,-1.1456983938524026,8.099826915406583,4.3220340081312205,0.0,7
1761810642207,8492932381641,ROT_VEC,0.4245682193121599,0.039420814915284784,-0.003136097727832937,0.8091536910857318,7
1761810642207,8492932381641,ACC,-1.6399455859020222,7.078587651883539,5.2634874593674414,0.0,7
1761810642207,8492932381641,MAG,26.358014862567963,-45.31897572944697,-23.430164430130667,0.0,7
1761810642207,8492932381641,GYRO,0.06316016834065966,-0.2156690145311135,0.016855442452259735,0.0,7
1761810642227,8492952515869,ROT_VEC,0.40110821009506825,0.21737520332785934,0.5974684612109661,0.47565521663432825,7
1761810642227,8492952515869,MAG,38.190171337675864,-44.816316878334845,-23.240544331186253,0.0,7
1761810642227,8492952515869,ACC,-0.6721752924263378,5.530700130299309,3.909428671032105,0.0,7
1761810642227,8492952515869,GYRO,-0.004297228922348069,-0.07090777263328651,-0.016343679745378363,0.0,7
1761810642247,8492972650097,MAG,28.985971152407544,-28.608656173011536,-8.006845104915422,0.0,7
1761810642247,8492972650097,GYRO,0.08623455431819901,0.0071208380840936635,-0.002232967759659799,0.0,7
1761810642247,8492972650097,ACC,-0.2575695322237362,8.383705259884357,5.126299697923521,0.0,7
1761810642247,8492972650097,ROT_VEC,0.5062445004867806,0.01762076790922739,-0.9290730684265729,0.5097514715404003,7
1761810642267,8492992784325,GYRO,0.007858355415787801,0.12847831105043175,-0.0288692285670917,0.0,7
1761810642267,8492992784325,ACC,-1.0761127355548485,9.113974393051237,3.4996377678905177,0.0,7
1761810642267,8492992784325,MAG,20.438994752900026,-28.218228159636453,-20.407024393810612,0.0,7
1761810642267,8492992784325,ROT_VEC,0.17790609890353615,0.22454609672319648,-0.5201655190166046,0.07813759005423611,7
1761810642288,8493012918553,GYRO,0.009079754943189272,-0.02364794572980752,-0.0086722418135689,0.0,7
1761810642288,8493012918553,MAG,-1.3690340732158592,-27.52011294408688,-16.353961393852497,0.0,7
1761810642288,8493012918553,ACC,-0.8283677731895535,6.839860829746234,5.035382939434692,0.0,7
1761810642288,8493012918553,ROT_VEC,0.1984783754763797,0.12227254589621483,-0.19438717914903092,0.14739938047227982,7
1761810642308,8493033052782,ROT_VEC,0.30610582750648574,-0.1194728500034162,-0.6975032387878727,0.5535810430326514,7
1761810642308,8493033052782,MAG,11.567925175582477,-12.303206193948913,-15.319280220706595,0.0,7
1761810642308,8493033052782,ACC,-0.310586518989661,6.135493052700881,5.343682363162863,0.0,7
1761810642308,8493033052782,GYRO,0.010066691787466294,0.07141024321596914,-0.014126766096691128,0.0,7
1761810642328,8493053187010,GYRO,-0.012955159877822569,-0.2005511878864641,-0.04735176477981624,0.0,7
1761810642328,8493053187010,MAG,-4.615742899025764,-25.724891853917576,-18.987011324336844,0.0,7
1761810642328,8493053187010,ROT_VEC,0.34264012872158883,0.4988186542911376,0.1751706010405572,0.30599641985958553,7
1761810642328,8493053187010,ACC,-0.5303804206031018,7.684584690866399,3.8141153032244057,0.0,7
1761810642348,8493073321238,ROT_VEC,0.262479017675554,0.22574135489188538,-0.10178715792683576,0.14806906883708745,7
1761810642348,8493073321238,GYRO,-0.01195625353301916,-0.06375830227676123,-0.012188085521806868,0.0,7
1761810642348,8493073321238,ACC,-1.580733986840462,9.036968336594605,6.683229432340073,0.0,7
1761810642348,8493073321238,MAG,13.717307063683418,-52.1551006317957,-11.769657148981793,0.0,7
1761810642368,8493093455466,GYRO,-0.041847096768349544,-0.09827837855530525,0.0037308723032354243,0.0,7
1761810642368,8493093455466,ROT_VEC,0.1687873145701623,-0.023043911030030964,0.8763605596315134,0.43127849825185605,7
1761810642368,8493093455466,ACC,-0.9721207832986568,8.888995356887367,4.790394080711181,0.0,7
1761810642368,8493093455466,MAG,50.7939629351951,-34.4065445811604,-10.062000265401746,0.0,7
1761810642388,8493113589694,ROT_VEC,0.2777251723509796,-0.4582165241909645,-0.47643512704191915,0.32420183485762477,7
1761810642388,8493113589694,GYRO,0.039046172352051406,0.0964681033741445,-0.019590340003947014,0.0,7
1761810642388,8493113589694,MAG,22.617599633388913,-31.847897804630193,-11.91629834849914,0.0,7
1761810642388,8493113589694,ACC,-0.6217791843304492,10.137862973368119,6.19465647848976,0.0,7
1761810642408,8493133723923,ACC,-2.179281333085096,5.186907468314568,6.318130538935994,0.0,7
1761810642408,8493133723923,ROT_VEC,0.2563742703930272,0.030023719320950958,-0.5133292084377736,0.48487499293244696,7
1761810642408,8493133723923,GYRO,-0.06616739618881427,-0.06334657726792431,-0.009496627924400829,0.0,7
1761810642408,8493133723923,MAG,11.986468162268235,-43.464174913234174,-13.075771006450886,0.0,7
1761810642429,8493153858151,ROT_VEC,0.19069458191855676,-0.13701514706745163,-1.0711913662992796,0.6380706429255901,7
1761810642429,8493153858151,ACC,-0.651396836468328,8.905393174176472,5.482458964433784,0.0,7
1761810642429,8493153858151,GYRO,0.054548981924800365,-0.12754576174272048,0.002845702187051289,0.0,7
1761810642429,8493153858151,MAG,13.929243553603893,-32.16244224041588,-14.57419365185616,0.0,7
1761810642449,8493173992379,ROT_VEC,0.3505490319357524,0.12890151149755183,0.40480507031898716,0.20339342548624234,7
1761810642449,8493173992379,ACC,-0.3347590845226951,8.019551445279761,6.3226551021752515,0.0,7
1761810642449,8493173992379,GYRO,0.013336249277331309,-0.11754333575680753,0.021507726101320197,0.0,7
1761810642449,8493173992379,MAG,8.399893312692543,-40.23572881983404,-23.377881047053652,0.0,7
1761810642469,8493194126607,GYRO,0.032697949562868006,0.0257074173205491,0.006907283451317253,0.0,7
1761810642469,8493194126607,MAG,15.470545608260075,-29.793180791343666,-19.763428865879433,0.0,7
1761810642469,8493194126607,ACC,-2.6039599200574117,7.371213788855486,5.689890455379635,0.0,7
1761810642469,8493194126607,ROT_VEC,0.2991705101196018,-0.2965215615644354,0.10387056484597834,0.33742796408020687,7
1761810642489,8493214260835,ROT_VEC,0.3332620899494566,-0.06010567927630765,0.025723760798712636,0.3936852811678915,7
1761810642489,8493214260835,GYRO,-0.08261364467239343,-0.12243678195570282,0.02136795302180981,0.0,7
1761810642489,8493214260835,ACC,-0.8769677243807033,8.596272347515024,6.325091220240305,0.0,7
1761810642489,8493214260835,MAG,-12.000361384622893,-29.62360343321503,-10.525518251384668,0.0,7
1761810642509,8493234395063,ACC,-0.8931693915724607,7.936575382710653,5.529417756699973,0.0,7
1761810642509,8493234395063,MAG,7.177525081583594,-30.79659583116532,-12.696170915084927,0.0,7
1761810642509,8493234395063,GYRO,0.0036909231934762815,-0.1899954130539428,0.004813696986009572,0.0,7
1761810642509,8493234395063,ROT_VEC,0.2990739180085911,-0.6641852459518547,-0.2369390919373055,0.2019395541001653,7
1761810642529,8493254529292,GYRO,-0.047908723801456124,-0.19817229014640814,0.018784134391059235,0.0,7
1761810642529,8493254529292,ACC,-1.2992815250948622,10.523514101336984,5.754310185959912,0.0,7
1761810642529,8493254529292,MAG,8.136238606258177,-40.99633577874734,-17.046437194973503,0.0,7
1761810642529,8493254529292,ROT_VEC,0.23088512477757744,-0.6898770791439555,-0.32578849257723963,0.6011355169325658,7
1761810642549,8493274663520,ACC,-1.5787032647418275,7.744903430917939,6.168318333508287,0.0,7
1761810642549,8493274663520,ROT_VEC,0.2638486150940322,0.6697408408591629,-0.6269877800109098,0.37772882873416774,7
1761810642549,8493274663520,GYRO,0.025264262220726495,-0.10935351213565649,0.0071545168657520045,0.0,7
1761810642549,8493274663520,MAG,1.9495027558243163,-12.876216662155258,-21.273061379054152,0.0,7
1761810642569,8493294797748,ROT_VEC,0.281764278141511,0.01708008684417843,0.5599593659125197,0.44759766131496526,7
1761810642569,8493294797748,MAG,8.869939911386314,-23.31103820738683,-5.86848961255904,0.0,7
1761810642569,8493294797748,GYRO,-0.04084218831183449,-0.12493792570747689,-0.015055756304703578,0.0,7
1761810642569,8493294797748,ACC,-0.45248504676375534,10.06791975511759,6.588541035416797,0.0,7
1761810642590,8493314931976,MAG,35.494392585030255,-39.866523531453076,-13.90619480823959,0.0,7
1761810642590,8493314931976,GYRO,0.018939671598989676,-0.1671075259422065,0.04440748224994412,0.0,7
1761810642590,8493314931976,ACC,-0.23896112475781273,9.629761337725862,4.568147668355787,0.0,7
1761810642590,8493314931976,ROT_VEC,0.23705761983920634,-0.10857633546300775,-0.14357912313174526,0.35329527862717225,7
1761810642610,8493335066204,ACC,-1.1916320054341754,7.970675641870061,5.501245135413158,0.0,7
1761810642610,8493335066204,GYRO,-0.05893261863250709,-0.15778299052488737,0.018797151709493788,0.0,7
1761810642610,8493335066204,ROT_VEC,0.2531793822821297,-0.4523907112948832,-0.06085048922261382,0.5182882102141557,7
1761810642610,8493335066204,MAG,19.682255971825715,-36.58920655409434,-14.145868283998414,0.0,7
1761810642630,8493355200433,GYRO,0.028757010618526938,-0.022001470526731227,-0.028213427369525906,0.0,7
1761810642630,8493355200433,ROT_VEC,0.33294587434154643,0.16909897061469198,-0.9950048628084396,0.4480864897088359,7
1761810642630,8493355200433,MAG,21.619601279630334,-63.47103941523537,-1.210721502718554,0.0,7
1761810642630,8493355200433,ACC,-0.5454449712660211,8.636610536640793,3.8136823232434804,0.0,7
1761810642650,8493375334661,MAG,10.032086631815798,-34.39545793577896,-10.216235337792076,0.0,7
1761810642650,8493375334661,ACC,-0.29519317046334825,8.4818205478473,6.024096619802141,0.0,7
1761810642650,8493375334661,GYRO,0.01987468228571298,-0.12459404189894875,0.042343161619588586,0.0,7
1761810642650,8493375334661,ROT_VEC,0.3726826631403259,-0.1540452199478257,0.11812491630478117,0.3468031318631588,7
1761810642670,8493395468889,MAG,-22.062917669841244,-34.66268029366802,-15.1488117100811,0.0,7
1761810642670,8493395468889,ROT_VEC,0.2893131817657052,-0.4052309682559091,-0.012389195441400998,0.407925017086532,7
1761810642670,8493395468889,GYRO,0.0730359707007251,-0.14426228589142612,0.038765970130105555,0.0,7
1761810642670,8493395468889,ACC,-0.9013098610502863,7.820062147678775,6.558958247878475,0.0,7
1761810642690,8493415603117,MAG,-0.09709784487416107,-13.028461455385655,-17.689896392634136,0.0,7
1761810642690,8493415603117,ROT_VEC,0.1675627055798213,-0.24538093893634766,-0.6410544870751349,1.2312147384792116,7
1761810642690,8493415603117,GYRO,-0.036744621305080244,-0.03133669197963638,0.004918163874757318,0.0,7
1761810642690,8493415603117,ACC,-0.3853338803187804,8.375142879381265,6.854793174040353,0.0,7
1761810642710,8493435737345,MAG,-9.230555719550795,-17.177251702801392,-17.106035572119495,0.0,7
1761810642710,8493435737345,ROT_VEC,0.15594546423718011,-0.6479170626486954,-0.1252526237171188,0.560657707445079,7
1761810642710,8493435737345,GYRO,0.039664960738997584,-0.042681815475660745,0.005085269494922243,0.0,7
1761810642710,8493435737345,ACC,-0.0253720356665382,7.527982411813649,5.440163024762675,0.0,7
1761810642731,8493455871574,ROT_VEC,0.15507219700918087,-1.1073285328126932,1.045607714224098,0.6771403913401233,7
1761810642731,8493455871574,MAG,38.47268576310758,-11.226870649915963,-1.8362176966141144,0.0,7
1761810642731,8493455871574,GYRO,0.02435866038319831,-0.14615634136648795,0.0028978210127646644,0.0,7
1761810642731,8493455871574,ACC,-2.1708192174359597,6.41213597377422,5.850876932502124,0.0,7
1761810642751,8493476005802,ACC,-1.134136701125383,8.913865156218554,5.6746332697695365,0.0,7
1761810642751,8493476005802,GYRO,0.04002639813085504,-0.1814882464376524,0.013499087297358499,0.0,7
1761810642751,8493476005802,ROT_VEC,0.25923644356797537,-0.401954451084459,-0.2361779903326541,0.3986025928202285,7
1761810642751,8493476005802,MAG,17.235445167436925,-45.05003984929314,-20.268409593089142,0.0,7
1761810642771,8493496140030,ACC,-0.7029403314159489,8.962367858319801,5.232162154372607,0.0,7
1761810642771,8493496140030,GYRO,-0.04181488320258701,-0.07930076473788722,-0.022978782287632126,0.0,7
1761810642771,8493496140030,MAG,6.444706711242436,-38.616168904794016,-10.814130964912643,0.0,7
1761810642771,8493496140030,ROT_VEC,0.17844549318210184,0.40409763170048296,-0.26197410826265505,0.516752700052324,7
1761810642791,8493516274258,ACC,-1.703851437151804,8.171695065794637,3.6003100817264304,0.0,7
1761810642791,8493516274258,GYRO,0.026951894842365178,0.07146249911418172,0.026597515167323716,0.0,7
1761810642791,8493516274258,MAG,11.930674563893003,-26.306491073072163,-25.706563296430804,0.0,7
1761810642791,8493516274258,ROT_VEC,0.02368418988044042,-0.02900449237801992,-0.05645630308621043,0.5702540865876072,7
1761810642811,8493536408486,GYRO,-0.03523831320059177,-0.015289454239629567,-0.040122684296771405,0.0,7
1761810642811,8493536408486,MAG,5.950407802480154,-55.917585329760556,-1.5849365370597572,0.0,7
1761810642811,8493536408486,ROT_VEC,0.20799917503742577,0.056014310757303225,-0.8620385095547555,0.6481308047301739,7
1761810642811,8493536408486,ACC,-0.7338617535422822,8.866518792957223,6.533526698360053,0.0,7
1761810642831,8493556542714,ACC,-0.9008334484037782,9.311579294607457,6.555750865275633,0.0,7
1761810642831,8493556542714,ROT_VEC,0.21952673944794082,-0.24542114179639038,0.5983448156488365,0.48870711803754885,7
1761810642831,8493556542714,GYRO,0.01978874851512386,-0.14549926088218945,0.0014301926373151523,0.0,7
1761810642831,8493556542714,MAG,18.823627343279004,-9.826622538446118,-9.377614769283955,0.0,7
1761810642851,8493576676943,ACC,-1.0645011548307186,7.9639223243764805,6.4503211445478845,0.0,7
1761810642851,8493576676943,ROT_VEC,0.20000926471894637,0.3276539951436133,-0.055554449208072294,0.7224264571321053,7
1761810642851,8493576676943,GYRO,-0.04630339626137111,-0.2878849303023388,0.024865932905553098,0.0,7
1761810642851,8493576676943,MAG,35.680341834812005,-16.825843507140114,-10.86713285142432,0.0,7
1761810642871,8493596811171,ACC,0.42814922554179236,8.761175927491063,3.3444898559598366,0.0,7
1761810642871,8493596811171,ROT_VEC,0.16488590347901547,-0.6918034067073194,0.7003426071949268,0.2584232001466658,7
1761810642871,8493596811171,GYRO,0.030238588672327715,-0.08273111893618862,0.0017946463901389468,0.0,7
1761810642871,8493596811171,MAG,5.801804082229264,-11.167357398641084,-3.0242106282452617,0.0,7
1761810642892,8493616945399,ROT_VEC,0.2565346419062705,-0.24791934627673767,0.7153306241363102,0.18579828278732793,7
1761810642892,8493616945399,MAG,43.409769354406464,-54.42587241265054,-13.625274983740635,0.0,7
1761810642892,8493616945399,GYRO,-0.05801407051873662,-0.007346050039559161,0.001209426134692293,0.0,7
1761810642892,8493616945399,ACC,-0.4709312679523815,8.833831441823705,4.995230012582731,0.0,7
1761810642912,8493637079627,GYRO,-0.0306595291002125,-0.1534952871882952,0.017327329227524377,0.0,7
1761810642912,8493637079627,MAG,26.14275450020299,-19.61083894450446,-26.656730224077144,0.0,7
1761810642912,8493637079627,ACC,-0.9213370888053164,4.622913769370712,7.009954236869077,0.0,7
1761810642912,8493637079627,ROT_VEC,0.1352023664113511,0.15779594706057062,0.04065392173113635,0.4543549762351997,7
1761810642932,8493657213855,ACC,-0.6828576589937931,7.837631554450422,4.279293889871877,0.0,7
1761810642932,8493657213855,GYRO,-0.03865625684650629,0.08124213768010054,0.01694494780310557,0.0,7
1761810642932,8493657213855,MAG,-2.9366390023178566,-13.845898235361233,-16.93535758006471,0.0,7
1761810642932,8493657213855,ROT_VEC,0.21864132289806915,-0.3252315261593002,0.6004687315849314,0.8745366739183453,7
1761810642952,8493677348084,MAG,23.28985145820972,-9.85307961255242,-17.353632030973557,0.0,7
1761810642952,8493677348084,ROT_VEC,0.18537825819695797,0.44263491376381386,-0.1936515065522615,0.6305624181667776,7
1761810642952,8493677348084,ACC,-1.0735229277032619,7.906378437687037,4.941185239089235,0.0,7
1761810642952,8493677348084,GYRO,-0.04775936933206834,-0.15389839847924247,-0.00777324964413513,0.0,7
1761810642972,8493697482312,ROT_VEC,0.01620761445241469,0.27743385650860286,0.26707302849025416,0.7848850407553554,7
1761810642972,8493697482312,GYRO,0.01044711061129926,0.0845589548097104,0.011919814442388398,0.0,7
1761810642972,8493697482312,MAG,-6.344978725951043,-25.857859530450124,-18.98177992399726,0.0,7
1761810642972,8493697482312,ACC,-0.8700109673481835,9.869302187937556,4.865615274673656,0.0,7
1761810642992,8493717616540,ROT_VEC,0.10266242291545412,-0.05486788279960948,-0.5262548090250616,0.4569788206672921,7
1761810642992,8493717616540,GYRO,-0.01725147798522301,-0.18968909524091346,0.00937378656603557,0.0,7
1761810642992,8493717616540,ACC,-0.7093079993726787,3.7945084679044574,5.328194782549106,0.0,7
1761810642992,8493717616540,MAG,45.86268947196898,-20.99777547462598,-21.31081138850319,0.0,7
1761810643012,8493737750768,ROT_VEC,0.2834396905561103,-0.31874698983624217,0.5452393542265044,0.45628920465265205,7
1761810643012,8493737750768,ACC,-0.8676467367937333,7.141174007529012,6.242158177880734,0.0,7
1761810643012,8493737750768,GYRO,-0.05256267074901033,-0.12635271608649504,-0.02145185227864611,0.0,7
1761810643012,8493737750768,MAG,10.232490575649663,-17.69874641523564,-6.060697140669558,0.0,7
1761810643033,8493757884996,MAG,13.190407224013672,-24.41833401030354,-2.749133632884243,0.0,7
1761810643033,8493757884996,GYRO,-0.01676718793692722,-0.1582902412462252,-0.02442843575693557,0.0,7
1761810643033,8493757884996,ACC,-0.605917274775954,5.5797193835210175,4.5735325381564875,0.0,7
1761810643033,8493757884996,ROT_VEC,0.2205392471880213,-0.058472070397862605,0.5937690824835913,0.5677934126215072,7
1761810643053,8493778019225,GYRO,0.027738777131315475,-0.11146243302019443,-0.01849396963907829,0.0,7
1761810643053,8493778019225,ACC,-0.803786691347369,7.721670309238739,3.948398924720976,0.0,7
1761810643053,8493778019225,ROT_VEC,0.3189418249083175,0.1812559704806136,0.17138815870591295,0.2577451259951892,7
1761810643053,8493778019225,MAG,18.38792612904771,-43.89447544910298,3.513503155788295,0.0,7
1761810643073,8493798153453,GYRO,-0.004992929310994643,-0.1301591847224644,-0.012779427377300066,0.0,7
1761810643073,8493798153453,ACC,-1.772763473708449,8.190853982307994,5.239638686840337,0.0,7
1761810643073,8493798153453,ROT_VEC,0.26685591230013334,-0.4009821208975401,-1.279881006884056,0.5548105390248281,7
1761810643073,8493798153453,MAG,6.11299847736386,-27.57309364615007,-4.697898797478847,0.0,7
1761810643093,8493818287681,ROT_VEC,0.16127869009830975,0.5045304849064602,0.3851886890805793,0.4435010753793557,7
1761810643093,8493818287681,MAG,30.161722124383267,-32.84478573672111,-11.55293494770082,0.0,7
1761810643093,8493818287681,ACC,-0.19862066670454648,7.737897562737448,5.108477665264221,0.0,7
1761810643093,8493818287681,GYRO,-0.005652020334703999,0.07658820138830924,-0.005642809883644566,0.0,7
1761810643113,8493838421909,GYRO,-0.019392967619709413,0.004124686581834007,-0.026747196550235303,0.0,7
1761810643113,8493838421909,ACC,-0.737897085198387,7.553227878624756,4.149337407293282,0.0,7
1761810643113,8493838421909,ROT_VEC,0.264447144599622,-0.08670563020933825,-0.052749822169126964,0.5404032148189064,7
1761810643113,8493838421909,MAG,30.662795944082546,-8.899368627846975,-13.562061730932424,0.0,7
1761810643133,8493858556137,GYRO,0.1259267247547435,-0.042007963020978804,-0.01528982687637451,0.0,7
1761810643133,8493858556137,ROT_VEC,0.12469523359023725,0.44352248868760197,0.732126074837735,0.24918372764152164,7
1761810643133,8493858556137,ACC,0.08634321732901917,7.192373003809176,6.103507255251101,0.0,7
1761810643133,8493858556137,MAG,17.106094580408907,-19.06050800096018,-5.1864054864487255,0.0,7
1761810643153,8493878690365,MAG,24.156341950481007,-32.49723688549341,-12.42754210776697,0.0,7
1761810643153,8493878690365,ROT_VEC,0.23069427784550953,0.6299547301465298,-0.6911163984544024,0.32929989039695456,7
1761810643153,8493878690365,ACC,-1.0188314219695518,7.79632943193631,4.657234482540121,0.0,7
1761810643153,8493878690365,GYRO,-0.0956616550545395,0.00784379621383428,0.007519411117284023,0.0,7
1761810643174,8493898824594,GYRO,-0.03316756800269328,-0.02175130574027901,-0.01628913267267022,0.0,7
1761810643174,8493898824594,MAG,38.773766794155414,-4.498716685483412,5.337737024388762,0.0,7
1761810643174,8493898824594,ROT_VEC,0.3576747964539734,0.5623994236503773,0.42018452131455647,0.848224392815964,7
1761810643174,8493898824594,ACC,-1.0028981186513768,3.9589605911872883,4.566023436412404,0.0,7
1761810643194,8493918958822,MAG,41.76885506139496,-36.134736315929665,-29.942529923325676,0.0,7
1761810643194,8493918958822,GYRO,-0.12130638780965591,-0.013520265872607719,0.012556366025340328,0.0,7
1761810643194,8493918958822,ROT_VEC,0.24127994984252468,0.020297403004327516,-0.5298535318923562,0.4532306243006039,7
1761810643194,8493918958822,ACC,0.37791528329578555,6.836780137589446,4.13830318873542,0.0,7
1761810643214,8493939093050,ACC,-0.32333205690081035,9.227675788661038,3.5516816971947742,0.0,7
1761810643214,8493939093050,ROT_VEC,0.21616132513581152,0.28056284545706306,-0.2438333641140784,0.5899559631969006,7
1761810643214,8493939093050,MAG,29.37805367223937,-16.67638807815944,-9.433116966613163,0.0,7
1761810643214,8493939093050,GYRO,0.005845832955098526,0.06672537150792546,0.009003011496291744,0.0,7
1761810643234,8493959227278,GYRO,-0.028956096714483313,0.06571180885148635,-0.010505845122603896,0.0,7
1761810643234,8493959227278,ROT_VEC,0.2265910490774696,-0.19598426711154465,-0.044067268833865914,0.6355445478437621,7
1761810643234,8493959227278,ACC,-0.5363928857261729,11.191896520724486,6.268059247866164,0.0,7
1761810643234,8493959227278,MAG,6.496838469564331,-9.744117674991553,-25.659723131120874,0.0,7
1761810643254,8493979361506,ACC,-0.7683802615225388,9.635478634750212,6.365535036905108,0.0,7
1761810643254,8493979361506,GYRO,-0.014730149121671629,-0.1935170162461202,-0.007591138758590546,0.0,7
1761810643254,8493979361506,MAG,15.895293547574246,-24.490477932799394,-20.97187329119794,0.0,7
1761810643254,8493979361506,ROT_VEC,0.25722928454341437,0.6489767524725311,0.16631461179887252,0.3929326110427762,7
1761810643274,8493999495735,ACC,-0.23506278629540522,7.669724426958024,5.432230886060627,0.0,7
1761810643274,8493999495735,MAG,-6.626420680469373,-8.82036358915125,-14.164969296933378,0.0,7
1761810643274,8493999495735,GYRO,-0.007354775022548032,0.05436461950295672,-0.0067699634986665555,0.0,7
1761810643274,8493999495735,ROT_VEC,0.19781040887321638,0.5092967305027326,0.42101194063746433,0.48996297298427227,7
1761810643294,8494019629963,ROT_VEC,0.3895086942537863,0.5589243228865571,-0.729328405647522,0.6237029276937921,7
1761810643294,8494019629963,ACC,-0.24546051356120446,7.497239626060037,4.829984458717123,0.0,7
1761810643294,8494019629963,MAG,39.92965979313357,-22.797385903997714,-19.21853194246659,0.0,7
1761810643294,8494019629963,GYRO,0.047482955516400714,0.11405219050631554,-0.017527395068179505,0.0,7
1761810643314,8494039764191,GYRO,-0.03163718085355802,-0.017420628662101863,-0.0009026984025806526,0.0,7
1761810643314,8494039764191,ROT_VEC,0.20115153599862498,0.09137000985077397,0.12119237826472366,0.3945485570784938,7
1761810643314,8494039764191,MAG,19.505815374691718,-20.304748783968034,-14.062707928540785,0.0,7
1761810643314,8494039764191,ACC,-0.9976053815872309,7.860731533851643,4.8039959982194835,0.0,7
1761810643335,8494059898419,MAG,-0.11248695134422215,-46.93198680414487,-10.274076665512895,0.0,7
1761810643335,8494059898419,ROT_VEC,0.2351803491488584,0.5365957815687272,0.7363496304342305,0.5004963275472446,7
1761810643335,8494059898419,ACC,-0.40739803052533924,7.443379432577597,3.745592399164621,0.0,7
1761810643335,8494059898419,GYRO,-0.11228147015238707,-0.06890296737759541,-0.0006766820265278668,0.0,7
1761810643355,8494080032647,ROT_VEC,0.3848173023097715,-0.36877929918567853,-0.27477396856264197,0.5909663987326695,7
1761810643355,8494080032647,GYRO,-0.0020510147366123825,-0.0602974062696283,-0.0025658314229154992,0.0,7
1761810643355,8494080032647,MAG,13.261992795212642,-34.02331207159248,-14.810895328011082,0.0,7
1761810643355,8494080032647,ACC,-1.0278974779106385,9.482443021201066,3.195779893643751,0.0,7
1761810643375,8494100166876,ACC,-0.6676563936764477,8.363322941195625,5.6495433057624505,0.0,7
1761810643375,8494100166876,GYRO,-0.050457916194814614,-0.1631916056674643,0.004515549188290937,0.0,7
1761810643375,8494100166876,ROT_VEC,0.3328170676706268,0.06469279167045028,-0.5410677087720785,0.7712469032800455,7
1761810643375,8494100166876,MAG,24.624109968141326,-16.75053005321172,-19.318396036090668,0.0,7
1761810643395,8494120301104,ACC,-0.6205392441661245,8.188312149181394,5.652006444529947,0.0,7
1761810643395,8494120301104,MAG,11.412893496310451,-28.6427392811413,-8.318537527317151,0.0,7
1761810643395,8494120301104,ROT_VEC,0.1098313397463138,-0.6525562650951948,-0.3993972985026377,0.47919964533442444,7
1761810643395,8494120301104,GYRO,0.0025636629425659016,-0.04437448911853113,0.005035190611907686,0.0,7
1761810643415,8494140435332,GYRO,0.004127858345912475,0.17411849042539004,0.018170252946671905,0.0,7
1761810643415,8494140435332,MAG,18.374317346818998,-25.383979368597704,-12.369137563164864,0.0,7
1761810643415,8494140435332,ACC,-1.564718203872856,8.653951946204064,5.099563374070531,0.0,7
1761810643415,8494140435332,ROT_VEC,0.155490780030723,0.4025880523963517,-0.0645746512552323,0.46984202053621976,7
1761810643435,8494160569560,GYRO,-0.01416710659919078,0.15801492430450065,-0.004052269636553245,0.0,7
1761810643435,8494160569560,ACC,-1.6164244562100714,9.610528485540085,2.339027867346188,0.0,7
1761810643435,8494160569560,MAG,30.01453951953618,-30.615892133648767,-30.079522059491698,0.0,7
1761810643435,8494160569560,ROT_VEC,0.04544734952766171,0.022522073494829736,-0.05465521846831642,0.2828478126185526,7
1761810643455,8494180703788,MAG,21.059327891943482,-32.76684402643396,-23.63057797964638,0.0,7
1761810643455,8494180703788,ROT_VEC,0.16786491846725016,0.3524815528330874,-0.9302267628452491,0.8071329928242931,7
1761810643455,8494180703788,GYRO,-0.08901195605091727,-0.19101761576500023,-0.019642191968140228,0.0,7
1761810643455,8494180703788,ACC,-0.44022323310083733,7.870859931909919,7.1236098997385895,0.0,7
1761810643476,8494200838017,ROT_VEC,0.18986694452536307,-0.13574428825459417,0.1154111446021891,0.4132687342359251,7
1761810643476,8494200838017,MAG,36.91575319768947,-3.132785527437277,-18.390867085566903,0.0,7
1761810643476,8494200838017,ACC,-1.4699771361575154,8.343828211059654,5.015838791153865,0.0,7
1761810643476,8494200838017,GYRO,0.08027089164718544,0.11043476030412258,-0.026299496174043327,0.0,7
1761810643496,8494220972245,ROT_VEC,0.2861743130284791,-0.06862977593373543,0.16677050639028945,0.4691217920427693,7
1761810643496,8494220972245,MAG,9.813507344325005,-53.030309097394785,-9.864074598345749,0.0,7
1761810643496,8494220972245,GYRO,-0.05009160335073255,-0.036191951560450575,-0.0012202569106916977,0.0,7
1761810643496,8494220972245,ACC,-0.5207641438368267,7.374382865095958,3.6124310703664873,0.0,7
1761810643516,8494241106473,MAG,3.7267496109186733,-20.08986166547451,-8.55099106068847,0.0,7
1761810643516,8494241106473,ACC,-1.482789195956107,6.251088811112983,4.215197045502325,0.0,7
1761810643516,8494241106473,GYRO,-0.01286781873108218,0.037887097888834084,-0.028834933292539677,0.0,7
1761810643516,8494241106473,ROT_VEC,0.28870933000600574,0.13948634851667505,-0.4555388959808992,0.07085280526270657,7
1761810643536,8494261240701,MAG,25.591786607844487,-34.50662450689478,-28.609321787944438,0.0,7
1761810643536,8494261240701,ROT_VEC,0.21979957316492577,0.37650959231137976,-0.10157850453811318,0.486939408776454,7
1761810643536,8494261240701,ACC,-0.9916789629988102,8.812365330489829,4.330595628420265,0.0,7
1761810643536,8494261240701,GYRO,-0.05274357998030246,-0.18304706616833255,-0.014020342948048294,0.0,7
1761810643556,8494281374929,GYRO,0.041963356792110024,0.015415536481985539,0.004529102741338444,0.0,7
1761810643556,8494281374929,ROT_VEC,0.3441009841848094,-0.17755799145861173,-1.0529162759281308,0.48276319753649066,7
1761810643556,8494281374929,MAG,38.10015353479585,-57.33295714477083,-12.715271608142283,0.0,7
1761810643556,8494281374929,ACC,-0.197536586353302,7.913813448775397,4.499663417292892,0.0,7
1761810643576,8494301509157,ROT_VEC,0.19761237440024437,-0.4380801081210983,0.12510320605588546,0.3599930701833432,7
1761810643576,8494301509157,ACC,-1.5773496957095487,6.979814483197765,3.9026291586745336,0.0,7
1761810643576,8494301509157,MAG,9.836698595281945,-45.2802846062142,-2.933558770878565,0.0,7
1761810643576,8494301509157,GYRO,-0.0154354327233833,-0.1615569341934265,-0.027276272148522736,0.0,7
1761810643596,8494321643386,ACC,0.09806352251388545,5.899301483660578,5.475584444864993,0.0,7
1761810643596,8494321643386,GYRO,-0.029066719971023364,-0.20332172135396098,-0.00849192708326848,0.0,7
1761810643596,8494321643386,ROT_VEC,0.15614963409334848,-0.34501667948456716,-0.6884553513070322,0.6293284861732094,7
1761810643596,8494321643386,MAG,7.778995646885188,-52.978234600549925,-27.0524024353735,0.0,7
1761810643616,8494341777614,MAG,20.034333884521363,-27.9200544676728,0.4603801768663358,0.0,7
1761810643616,8494341777614,GYRO,-0.09085633564307721,-0.09584997901093963,0.032750959098820545,0.0,7
1761810643616,8494341777614,ACC,-1.8104972167492093,8.698216331537246,7.40069473455975,0.0,7
1761810643616,8494341777614,ROT_VEC,0.3547361150001957,-0.07269867922381013,0.2869726540846826,0.5256976180276051,7
1761810643637,8494361911842,ACC,-1.6554284705756195,9.854946698888922,6.243972542464904,0.0,7
1761810643637,8494361911842,GYRO,-0.037095935963201425,0.08175395529099715,-0.009683776471641859,0.0,7
1761810643637,8494361911842,MAG,33.4817994895659,-22.96629178286367,-9.416698285815432,0.0,7
1761810643637,8494361911842,ROT_VEC,0.19346103401338113,0.12779248200478197,-0.595785491464916,0.3553042363675453,7
1761810643657,8494382046070,ACC,-3.5269045579757003,4.560173289436908,5.158177159308343,0.0,7
1761810643657,8494382046070,GYRO,-0.002977286307246762,0.021983881475057664,-0.015115041494691422,0.0,7
1761810643657,8494382046070,ROT_VEC,0.250378731163414,-0.23083828963695205,-0.017593100215962748,0.08554650383290839,7
1761810643657,8494382046070,MAG,22.45283081122461,-78.46800016348529,-8.144613589865003,0.0,7
1761810643677,8494402180298,ACC,-0.7353447357226823,7.760580586864822,4.411980756367467,0.0,7
1761810643677,8494402180298,ROT_VEC,0.11352942008485468,-0.23831875200840888,-0.7051098156710525,0.3957743611592516,7
1761810643677,8494402180298,MAG,15.232538340787569,-41.56771503761117,-14.323716569459007,0.0,7
1761810643677,8494402180298,GYRO,0.050904468492074466,-0.04821416169784335,0.008578527175198199,0.0,7
1761810643697,8494422314527,GYRO,-0.022140626219554198,-0.09882722975204783,0.05320400756337558,0.0,7
1761810643697,8494422314527,ROT_VEC,0.13707050179469374,-0.15922147284081034,-0.5185015615330719,0.08601722840376383,7
1761810643697,8494422314527,ACC,-2.3893227442797538,6.235999763511728,5.7735046828379755,0.0,7
1761810643697,8494422314527,MAG,15.596217172435615,-29.849353816993677,-16.744711000791707,0.0,7
1761810643717,8494442448755,ROT_VEC,0.4077430330917435,0.33440679378957067,0.1742711692622351,0.5735973790059684,7
1761810643717,8494442448755,GYRO,0.02285653733601139,0.13038748909474246,-0.009903101307298306,0.0,7
1761810643717,8494442448755,ACC,-1.7331525317656702,8.395959441807792,5.481092174976843,0.0,7
1761810643717,8494442448755,MAG,26.101871709213064,-59.147643097100186,-13.98188021654923,0.0,7
1761810643737,8494462582983,ROT_VEC,0.2543236478804476,-0.1810632855871878,-0.4762594937137582,0.5151200891287612,7
1761810643737,8494462582983,MAG,21.63033932692389,-31.380194187325785,-18.808188399491097,0.0,7
1761810643737,8494462582983,ACC,-1.86021419373749,8.124310799888878,5.711795480051641,0.0,7
1761810643737,8494462582983,GYRO,-0.015135066937577941,0.1298328714689887,-0.016312381146576672,0.0,7
1761810643757,8494482717211,GYRO,-0.013578974600672172,-0.07181240341991069,-0.001581275381525798,0.0,7
1761810643757,8494482717211,MAG,-8.648922389446048,-42.768793462196754,-17.912657343015248,0.0,7
1761810643757,8494482717211,ACC,-2.6416847010510858,9.181522757974221,5.95575199009682,0.0,7
1761810643757,8494482717211,ROT_VEC,0.14935844367943218,-0.09748868357234008,-0.6019039632604785,0.39231159377446023,7
1761810643778,8494502851439,ACC,-0.7651390084753543,8.460351633285109,6.318662143055998,0.0,7
1761810643778,8494502851439,GYRO,0.07663244462726297,-0.15780722820109944,0.006857805096933742,0.0,7
1761810643778,8494502851439,ROT_VEC,0.42063028739635466,0.5043277728946346,1.192775151402988,0.4604491815041345,7
1761810643778,8494502851439,MAG,24.750721226985785,-26.490972100551282,-9.39351789441474,0.0,7
1761810643798,8494522985668,ROT_VEC,0.42077960294233746,-0.3073684334771394,-0.20007294812647208,0.751696368850299,7
1761810643798,8494522985668,MAG,21.06086111087169,-36.38260525403588,-6.941436669102599,0.0,7
1761810643798,8494522985668,ACC,-2.3610905176374843,9.812320973003441,6.516191526365581,0.0,7
1761810643798,8494522985668,GYRO,0.006807599844027811,0.056283118130396007,-0.022749733297000068,0.0,7
1761810643818,8494543119896,ROT_VEC,0.19328325666767743,-0.18092558758263916,0.0759829427955053,0.757994514115751,7
1761810643818,8494543119896,MAG,31.869218088097913,-21.164084042807392,-11.454178422613147,0.0,7
1761810643818,8494543119896,ACC,0.4162028104469163,9.478736467056944,5.840830280220167,0.0,7
1761810643818,8494543119896,GYRO,-0.04646647282692945,0.11558799288946249,-0.016413649652779184,0.0,7
1761810643838,8494563254124,MAG,-7.069079702317486,-40.24198526746837,-12.573494610131215,0.0,7
1761810643838,8494563254124,ACC,-1.8242523441697478,7.7293264569422435,4.358226732142577,0.0,7
1761810643838,8494563254124,ROT_VEC,0.2081041116644419,-0.19107008381925827,0.09085163857059436,0.23787076784025754,7
1761810643838,8494563254124,GYRO,0.036111565029041066,-0.04031777206581531,0.0021080145096704903,0.0,7
1761810643858,8494583388352,ROT_VEC,0.2425650426792601,-0.0791512155659633,-0.5229716843417557,0.7026428731478086,7
1761810643858,8494583388352,ACC,-1.5754102506766972,9.975445716909986,4.561178704283265,0.0,7
1761810643858,8494583388352,GYRO,-0.020858803578229286,-0.0791923046140644,-0.022651521476141308,0.0,7
1761810643858,8494583388352,MAG,12.313828367247119,-28.349248115558375,-5.516673230607527,0.0,7
1761810643878,8494603522580,ACC,-0.4009780100199185,8.40807561619227,4.3539411580376,0.0,7
1761810643878,8494603522580,MAG,0.1636776351229705,-15.751082602789305,-7.402817930471913,0.0,7
1761810643878,8494603522580,GYRO,0.008851371506755343,0.03924788077876455,-0.01841467726660083,0.0,7
1761810643878,8494603522580,ROT_VEC,0.010681299303969442,0.11295737606520131,0.35953965864858817,0.1516409462639575,7
1761810643898,8494623656808,MAG,5.437552549115777,-30.384443702458473,-15.677566311200417,0.0,7
1761810643898,8494623656808,GYRO,0.06348438376463669,-0.04676435030173193,-0.013902740713209492,0.0,7
1761810643898,8494623656808,ACC,-1.4587236979052611,7.82714389692152,5.511799228488554,0.0,7
1761810643898,8494623656808,ROT_VEC,0.2537114936017649,-0.5744851150407592,-0.02277292100119129,0.10890490268629721,7
1761810643918,8494643791037,ACC,-0.467678992125135,9.029897418760351,7.179097992045778,0.0,7
1761810643918,8494643791037,GYRO,-0.008835194909160432,-0.011373379301249244,-0.010222112259895534,0.0,7
1761810643918,8494643791037,MAG,2.1435048452839753,-39.568404389525725,-8.96736093924212,0.0,7
1761810643918,8494643791037,ROT_VEC,0.16277081323800124,0.0582357057395573,0.12287341462525088,0.22559694099401778,7
1761810643939,8494663925265,ROT_VEC,0.22482826160273173,0.009650727814793855,0.9700793934859936,0.458900918297889,7
1761810643939,8494663925265,ACC,-1.2733223323920528,8.760476249239113,3.397507551987937,0.0,7
1761810643939,8494663925265,MAG,-14.952312945653965,-14.355582956523437,-16.42071951146789,0.0,7
1761810643939,8494663925265,GYRO,-0.11341492011589015,-0.1767834375037885,-0.0181837613420524,0.0,7
1761810643959,8494684059493,ACC,-2.6907167471585427,6.524450955310199,7.253392585428641,0.0,7
1761810643959,8494684059493,GYRO,-0.0012284576976585772,-0.09580386634999917,0.00027913471770874953,0.0,7
1761810643959,8494684059493,MAG,9.096081633396059,-23.267080142428412,-24.54051239616286,0.0,7
1761810643959,8494684059493,ROT_VEC,0.1720464150161494,-0.5072893514128075,0.697874042778045,0.3137724256756296,7
1761810643979,8494704193721,GYRO,0.0516289691832284,-0.32033099505670165,-0.014610012910895576,0.0,7
1761810643979,8494704193721,ACC,-1.925817342933671,5.7609083335131235,4.624745885924334,0.0,7
1761810643979,8494704193721,ROT_VEC,0.18652332202529126,-0.2482984694703287,-0.6226686700603952,0.3379857498389618,7
1761810643979,8494704193721,MAG,15.141808014664653,-62.4970188871634,-8.671958317751361,0.0,7
1761810643999,8494724327949,GYRO,0.02129602574990363,-0.040018383847940896,0.018482476581934096,0.0,7
1761810643999,8494724327949,ROT_VEC,0.1877986382821412,0.3143588199802537,0.3873862308584329,0.4307901235629564,7
1761810643999,8494724327949,ACC,-1.6084344071077434,9.772646167305838,4.322406357482923,0.0,7
1761810643999,8494724327949,MAG,35.29475172716343,-11.831697357519442,-3.473133721523004,0.0,7
1761810644019,8494744462178,ROT_VEC,0.15032181356480548,0.6340459461830462,-0.12629769358616455,0.38695154313987556,7
1761810644019,8494744462178,ACC,-1.8046167315422987,7.101658619981294,5.644057104697348,0.0,7
1761810644019,8494744462178,GYRO,0.10595244512318945,0.20154167001611603,0.0013539994733136754,0.0,7
1761810644019,8494744462178,MAG,15.979083078698952,-2.8603843115154683,-23.486154042482834,0.0,7
1761810644039,8494764596406,GYRO,-0.055745717318809444,-0.18734032726790778,0.011853936801782806,0.0,7
1761810644039,8494764596406,MAG,16.078871552230364,-27.248272243755107,-13.903081153225948,0.0,7
1761810644039,8494764596406,ROT_VEC,0.3100245182983827,0.7126484585223108,-0.02048905581416636,0.4996820630036765,7
1761810644039,8494764596406,ACC,-0.3163525924058354,6.979637459538758,5.3208519442752085,0.0,7
1761810644059,8494784730634,GYRO,-0.051932818273943644,-0.011227650093602135,0.012883448881454793,0.0,7
1761810644059,8494784730634,MAG,3.564113982168889,-23.225540180506158,-12.879152905232836,0.0,7
1761810644059,8494784730634,ACC,-1.6574916152399601,7.701317644498216,4.101024028697429,0.0,7
1761810644059,8494784730634,ROT_VEC,0.224830162858615,-0.004820242487121956,-0.7040276408480233,0.3512610966364246,7
1761810644080,8494804864862,ACC,-1.6503419494922145,9.197516437711007,5.511084834171948,0.0,7
1761810644080,8494804864862,MAG,-1.6672595564019907,-15.999936854027073,-5.094343144217909,0.0,7
1761810644080,8494804864862,ROT_VEC,0.40140619736240096,-0.14699575098795586,-0.009950459306082474,-0.00784506574505925,7
1761810644080,8494804864862,GYRO,2.606930202500579e-06,-0.18878721184457928,-0.004591429101113553,0.0,7
1761810644100,8494824999090,GYRO,-0.01334894642194839,-0.24381869432939385,0.010569543832282119,0.0,7
1761810644100,8494824999090,MAG,-11.076329737539039,-34.76252794099028,-23.927659391339745,0.0,7
1761810644100,8494824999090,ROT_VEC,0.2242799540523444,0.3477884669585032,0.49875496887254606,0.3600199355839838,7
1761810644100,8494824999090,ACC,-1.3934019314691077,7.6513652240586065,5.344942318021358,0.0,7
1761810644120,8494845133319,MAG,-2.9775032277342888,-26.2454559449792,-17.696164170133695,0.0,7
1761810644120,8494845133319,ROT_VEC,0.3184082903411456,-0.4523382756059734,-1.195647912841362,0.5646199835673443,7
1761810644120,8494845133319,GYRO,0.01961675877699907,-0.0651803137817119,0.006741802457019188,0.0,7
1761810644120,8494845133319,ACC,-0.8971647515217347,7.310676563905709,4.490985159238807,0.0,7
1761810644140,8494865267547,MAG,3.585468702867951,-27.14263758395685,-6.346559948090703,0.0,7
1761810644140,8494865267547,ROT_VEC,0.2804372803999412,0.10546434773750649,-0.06477353395859849,0.09315135902762467,7
1761810644140,8494865267547,GYRO,-0.05516043375798884,-0.04435607874537202,-0.02299853654522315,0.0,7
1761810644140,8494865267547,ACC,-0.9839818860342556,10.752841650668866,5.283367938129042,0.0,7
1761810644160,8494885401775,GYRO,-0.11847137298789825,0.1527534383683412,0.009659536751018704,0.0,7
1761810644160,8494885401775,MAG,29.27574106270317,-43.84374954595198,-15.613774346631153,0.0,7
1761810644160,8494885401775,ACC,-0.2952506895771927,6.478262768670447,5.9902861336190485,0.0,7
1761810644160,8494885401775,ROT_VEC,0.17095145334356104,0.49031157237331213,0.3589574449638364,0.41076284166723065,7
1761810644180,8494905536003,ACC,-0.7894222937182537,7.547047291032821,5.933252744230729,0.0,7
1761810644180,8494905536003,ROT_VEC,0.3124653694949461,-0.26531224131661707,0.2180648486534469,0.6790519321277401,7
1761810644180,8494905536003,MAG,60.51039196981414,-3.4210181892514555,-7.264100402377559,0.0,7
1761810644180,8494905536003,GYRO,0.06898493078001612,-0.1045952755328971,-0.028873510460798623,0.0,7
1761810644200,8494925670231,ACC,-0.5535729896902458,10.156581990540756,5.793934575954709,0.0,7
1761810644200,8494925670231,GYRO,-0.002401173484133127,-0.11413874042147792,-0.030249806253919917,0.0,7
1761810644200,8494925670231,MAG,-13.615144056289195,-43.91514755203357,-18.465101835473106,0.0,7
1761810644200,8494925670231,ROT_VEC,0.42212636970671374,0.49412831091487347,-0.1066005831088254,0.6455384427839405,7
1761810644220,8494945804459,ACC,-1.897270076120569,9.138369389384959,6.0044573337235105,0.0,7
1761810644220,8494945804459,ROT_VEC,0.25683645891050666,0.3444597578492116,1.0547370710704738,0.3759195789713392,7
1761810644220,8494945804459,GYRO,0.0175105032357859,-0.05770086010477819,-0.020272371594557324,0.0,7
1761810644220,8494945804459,MAG,5.4021938876851205,-28.09513908244582,0.5834808518444922,0.0,7
1761810644241,8494965938688,ACC,-1.1835494430889604,8.877999889477556,4.689290796407678,0.0,7
1761810644241,8494965938688,GYRO,0.009835005142075701,-0.14170229086936884,-4.751034070100144e-05,0.0,7
1761810644241,8494965938688,MAG,34.76378663744771,-39.6947105838329,-9.84106041486827,0.0,7
1761810644241,8494965938688,ROT_VEC,0.1630183605879158,0.3055496551888546,0.22917451587590307,0.17862944887528262,7
1761810644261,8494986072916,MAG,11.221078431213277,-44.027336185662584,-3.734036654397102,0.0,7
1761810644261,8494986072916,GYRO,0.004744994261375427,0.075630347222653,-0.02273527859622433,0.0,7
1761810644261,8494986072916,ACC,-0.3273533860463853,5.248207872473244,4.867824107926751,0.0,7
1761810644261,8494986072916,ROT_VEC,0.19228293623864487,-0.018308921115256286,0.9137209477250811,0.7845934256666083,7
1761810644281,8495006207144,GYRO,-0.09159690337692665,-0.20770932795062239,-0.0316463228437971,0.0,7
1761810644281,8495006207144,ROT_VEC,0.16297797675102552,0.10184091497853635,0.5988039906507125,0.2711134172940324,7
1761810644281,8495006207144,ACC,-1.649324855297112,9.087207498750264,5.046234210062978,0.0,7
1761810644281,8495006207144,MAG,35.08574329588373,-11.99252700936075,-12.162447990013217,0.0,7
1761810644301,8495026341372,ACC,-1.080651354011216,7.607047020641061,3.9901194459973746,0.0,7
1761810644301,8495026341372,GYRO,-0.02885267343798953,-0.037500164508786606,0.026883200654893462,0.0,7
1761810644301,8495026341372,MAG,30.897213794023372,-29.998088467041264,-11.650606218699721,0.0,7
1761810644301,8495026341372,ROT_VEC,0.26102623041766915,0.10490117334869961,-0.43987577728208127,0.16892620748880088,7
1761810644321,8495046475600,GYRO,-0.0760675857813379,-0.10376250654512109,-0.003164837362033621,0.0,7
1761810644321,8495046475600,ROT_VEC,0.17626206398297056,-0.13299375985958461,0.7921271109763008,0.7463583876036446,7
1761810644321,8495046475600,MAG,12.343248967333352,-30.852142486866185,-24.199009445354204,0.0,7
1761810644321,8495046475600,ACC,-0.7120946842573294,7.515879523957507,5.1662255961770205,0.0,7
1761810644341,8495066609829,MAG,29.4570385068494,9.78113784109974,-4.498459178122262,0.0,7
1761810644341,8495066609829,ROT_VEC,0.3313414324472284,-0.07744761850560328,0.7505978210445866,0.4383330664371205,7
1761810644341,8495066609829,GYRO,0.0094081933642536,-0.06495580512503266,0.006016288202359325,0.0,7
1761810644341,8495066609829,ACC,-0.19660034592952894,6.922027065678306,4.812350899897486,0.0,7
1761810644361,8495086744057,MAG,20.423107971576172,-25.326282199317966,-14.563958473115212,0.0,7
1761810644361,8495086744057,GYRO,0.007328032869240593,0.13069511215612073,0.06038134861126876,0.0,7
1761810644361,8495086744057,ACC,-1.2623628608461805,10.152897650165269,6.60149548369051,0.0,7
1761810644361,8495086744057,ROT_VEC,0.1959086797663494,0.14898443555840535,-0.28470065553089685,0.4622394263295356,7
1761810644382,8495106878285,ACC,-0.4554088413274291,9.769328337623982,5.503850702517989,0.0,7
1761810644382,8495106878285,MAG,32.00624854931799,-19.654109531558095,-8.871132181313243,0.0,7
1761810644382,8495106878285,GYRO,0.024345958384597726,0.10597275924162557,-0.0035967723142452737,0.0,7
1761810644382,8495106878285,ROT_VEC,0.3691907518428516,-0.2918464587372165,0.753466370373096,0.4567913769395806,7
1761810644402,8495127012513,ROT_VEC,0.19355914279792774,0.741504065958963,0.0512147824693948,0.23500657980723705,7
1761810644402,8495127012513,MAG,19.352172392371582,-23.445141837922165,-13.112914494702235,0.0,7
1761810644402,8495127012513,GYRO,0.051607456130329854,-0.08111468455506422,0.016522065034312056,0.0,7
1761810644402,8495127012513,ACC,0.5331552294872972,7.110036940455768,4.866951369331604,0.0,7
1761810644422,8495147146741,MAG,39.036482122629636,-19.733130628477944,-7.600366394018222,0.0,7
1761810644422,8495147146741,ROT_VEC,0.24767740847669442,0.3486749266091442,0.9905264841620413,0.08709116097729624,7
1761810644422,8495147146741,GYRO,0.03496806058612252,0.08393874560769314,0.018610314894768977,0.0,7
1761810644422,8495147146741,ACC,-0.6739282495005704,7.299955824568299,5.4935433167603085,0.0,7
1761810644442,8495167280970,GYRO,-0.11616826781570111,0.05416127227312406,0.039747895256896294,0.0,7
1761810644442,8495167280970,ACC,-1.7610314404584753,6.827000299472273,4.7566572762205155,0.0,7
1761810644442,8495167280970,MAG,-11.071240821057568,-36.37040863940479,-21.41376805417233,0.0,7
1761810644442,8495167280970,ROT_VEC,0.153744578010191,0.054000574481291155,-0.05177717392158447,0.4357913169417853,7
1761810644462,8495187415198,GYRO,0.022046770469013953,0.03117091295886586,0.019683070195763958,0.0,7
1761810644462,8495187415198,ROT_VEC,0.2728630590689076,0.18752714603533321,-0.22760050738029286,0.7204547178065308,7
1761810644462,8495187415198,ACC,-0.7810081849439079,9.38499936687748,4.392749021628511,0.0,7
1761810644462,8495187415198,MAG,27.078900853731746,-44.46414082858594,-15.415239663224268,0.0,7
1761810644482,8495207549426,ACC,-0.9955986929727596,9.829841071574888,6.458836002715892,0.0,7
1761810644482,8495207549426,ROT_VEC,0.27045994926168254,0.20647350014647248,0.12180100393397575,0.44545804965183083,7
1761810644482,8495207549426,MAG,9.598128600169545,-26.42064589212553,1.2727226698015826,0.0,7
1761810644482,8495207549426,GYRO,0.011151476705950415,-0.08704468300833136,0.025212923790398193,0.0,7
1761810644502,8495227683654,MAG,29.00408365566997,-28.071096914002553,17.11709464418156,0.0,7
1761810644502,8495227683654,ROT_VEC,0.18764988643674396,-0.48657576679827635,-0.6888970595339179,0.37098206544373225,7
1761810644502,8495227683654,ACC,-1.4024153307935785,8.645082484583416,4.473487247076377,0.0,7
1761810644502,8495227683654,GYRO,0.011312541390546134,0.09580563076642512,-0.006595098290428932,0.0,7
1761810644522,8495247817882,ROT_VEC,0.32968318342083636,-0.07817378340426022,-0.9894640174336443,0.2372996884059395,7
1761810644522,8495247817882,MAG,-5.213439411615758,-49.77601677851348,-11.279519543989682,0.0,7
1761810644522,8495247817882,ACC,-1.3007225974334566,8.825173961262527,4.5378818945212585,0.0,7
1761810644522,8495247817882,GYRO,0.006538240253233547,-0.02300327824591662,-0.018538856079265795,0.0,7
1761810644543,8495267952110,ROT_VEC,0.23722815247731352,0.261641197483342,0.531907813426793,0.31364924184517584,7
1761810644543,8495267952110,MAG,12.534648424383072,-33.445860415707415,-10.74246893989123,0.0,7
1761810644543,8495267952110,ACC,-1.510689381063295,5.534683508984644,5.026326635199275,0.0,7
1761810644543,8495267952110,GYRO,-0.06040515949406479,0.04615871904788765,-0.0010537490262566417,0.0,7
1761810644563,8495288086339,MAG,19.10607948935391,-28.710258826021327,-20.348386001255655,0.0,7
1761810644563,8495288086339,GYRO,-0.07252634659024249,-0.14108426335732702,-0.015598619633604316,0.0,7
1761810644563,8495288086339,ROT_VEC,0.19334173432164534,0.5897774290638129,-0.13771673191865227,0.5870406597586386,7
1761810644563,8495288086339,ACC,-0.8026042826358347,8.319028656848753,4.861092589756523,0.0,7
1761810644583,8495308220567,MAG,29.139638349200514,-40.91368852809104,-12.15110604569437,0.0,7
1761810644583,8495308220567,GYRO,0.032119833759476586,-0.05480041949064903,-0.005781831885193272,0.0,7
1761810644583,8495308220567,ACC,-0.7934647284021416,6.2546198496130545,5.573651764553074,0.0,7
1761810644583,8495308220567,ROT_VEC,0.30117033685742023,0.6043135438012014,-0.025620266997423417,0.5776496221895462,7
1761810644603,8495328354795,GYRO,0.003193992828622271,0.3863223850250829,0.007806530412534915,0.0,7
1761810644603,8495328354795,MAG,13.989974006782129,-31.377853186416402,5.185692488048486,0.0,7
1761810644603,8495328354795,ACC,-0.5364236150515055,10.739835412908514,4.601714181210869,0.0,7
1761810644603,8495328354795,ROT_VEC,0.3757584944761446,-0.05076356880970635,-0.602738880309362,0.28919749802436645,7
1761810644623,8495348489023,MAG,32.099126850672995,-20.432192031317303,-12.142161864645542,0.0,7
1761810644623,8495348489023,GYRO,0.031366451465632356,-0.1333139828607753,0.017811698036005838,0.0,7
1761810644623,8495348489023,ACC,-1.6653126506047484,6.547220863416611,5.43564451658659,0.0,7
1761810644623,8495348489023,ROT_VEC,0.42311287683600185,0.3397260809677666,-0.17744707951982322,0.5130887850410597,7
1761810644643,8495368623251,MAG,5.654536868714788,-21.784921699448518,-4.070009991345162,0.0,7
1761810644643,8495368623251,ACC,-0.5603035162211484,8.123170126874575,3.599051657850581,0.0,7
1761810644643,8495368623251,GYRO,0.004718769853882132,-0.1669954943076506,-0.0030285011974662364,0.0,7
1761810644643,8495368623251,ROT_VEC,0.06558541833250156,0.41692368048953987,-0.12384720340348225,0.4121994427608677,7
1761810644663,8495388757480,ROT_VEC,0.23138000297854172,-0.0937845368339889,-0.461662245545684,0.20085332512140538,7
1761810644663,8495388757480,MAG,27.947556630525753,-22.640651552678605,-10.451003370521562,0.0,7
1761810644663,8495388757480,GYRO,-0.05183331803189626,-0.034261171260539264,0.007655076357429473,0.0,7
1761810644663,8495388757480,ACC,-1.1956899908737744,7.514702400949566,5.311789532969573,0.0,7
1761810644684,8495408891708,ACC,-0.9969844542000106,6.170177762070986,3.122170210179674,0.0,7
1761810644684,8495408891708,MAG,7.178002581944618,-34.292848598115555,-21.70041437731362,0.0,7
1761810644684,8495408891708,GYRO,0.0011659257642465388,-0.054266858195996526,-0.010939252455820963,0.0,7
1761810644684,8495408891708,ROT_VEC,0.16557495385768078,0.227639947646267,-0.48831133728957343,0.443363216687694,7
1761810644704,8495429025936,GYRO,0.027561186213654044,0.03241032951499883,-0.02436348045746264,0.0,7
1761810644704,8495429025936,ROT_VEC,0.15962597055610162,-0.27756236098998555,-0.017307366835187542,0.4217579153040362,7
1761810644704,8495429025936,ACC,-0.2627395305815383,5.94380659896535,6.206781778146103,0.0,7
1761810644704,8495429025936,MAG,2.9795929744150467,-25.60480407827477,-11.531055954103499,0.0,7
1761810644724,8495449160164,MAG,5.672218792386725,-41.83056492845453,-10.7876324895871,0.0,7
1761810644724,8495449160164,GYRO,-0.1382365444858307,-0.07108758383314483,0.02562168392912371,0.0,7
1761810644724,8495449160164,ROT_VEC,0.28966122136276756,-0.05178826919609664,-0.4900478351692972,0.4912954976683306,7
1761810644724,8495449160164,ACC,-1.0470500573012989,7.806355413419337,3.991410788529219,0.0,7
1761810644744,8495469294392,GYRO,0.037377789502259576,0.06480993022859038,0.013820129682106878,0.0,7
1761810644744,8495469294392,ACC,0.659884630696325,9.042710674583454,5.328055050889793,0.0,7
1761810644744,8495469294392,MAG,-21.512545405675297,-36.861003471513534,-8.652653467327971,0.0,7
1761810644744,8495469294392,ROT_VEC,0.3278154137684298,0.03753022065439466,-0.0705916517137556,0.6448746891197855,7
1761810644764,8495489428621,ACC,-0.5335529783733906,8.794707136690862,4.79277075520516,0.0,7
1761810644764,8495489428621,ROT_VEC,0.44727399287364844,0.24995196407099424,0.44733547222841946,0.4609719840935386,7
1761810644764,8495489428621,GYRO,-0.04355294851468477,-0.08501373082663448,0.0317572225422502,0.0,7
1761810644764,8495489428621,MAG,-1.5260224618547578,-20.98832713302557,-3.0692713337212947,0.0,7
1761810644784,8495509562849,ACC,-1.4787645452142937,7.330799956621435,4.8636492124907935,0.0,7
1761810644784,8495509562849,ROT_VEC,0.3046438858122892,0.23131247528520102,0.17333750463004186,0.6396128733122183,7
1761810644784,8495509562849,GYRO,-0.08390832530202459,-0.1795609605135418,-0.001636689616108227,0.0,7
1761810644784,8495509562849,MAG,17.063436537902952,-20.75718526750631,-12.159606630207284,0.0,7
1761810644804,8495529697077,GYRO,-0.05962520488776972,-0.0638779240091073,0.013794227541834092,0.0,7
1761810644804,8495529697077,ACC,-0.8748189205309513,10.78173858780814,5.267986084809394,0.0,7
1761810644804,8495529697077,ROT_VEC,0.3513594905261021,0.19864217515185648,0.09635805563160595,0.4664135078512117,7
1761810644804,8495529697077,MAG,8.431251373838554,-34.32556173563564,-4.853149671952512,0.0,7
1761810644825,8495549831305,MAG,15.763383473322694,-17.243260839174507,-22.079836877457208,0.0,7
1761810644825,8495549831305,ROT_VEC,0.24077157726275666,0.250268811475306,0.37192624567276916,0.2213223142042267,7
1761810644825,8495549831305,GYRO,-0.028981655885103385,-0.10155497209892993,-0.0018992162180407857,0.0,7
1761810644825,8495549831305,ACC,-0.3037294432058902,9.817866551269987,4.252200511388322,0.0,7
1761810644845,8495569965533,ROT_VEC,0.0780580536998686,0.2886640055560381,-0.5060285824155771,0.5855386979889475,7
1761810644845,8495569965533,GYRO,-0.03150945205473101,-0.006855801049931408,0.01274070500063821,0.0,7
1761810644845,8495569965533,MAG,22.380759873647193,-15.22132811131116,-26.30899897385869,0.0,7
1761810644845,8495569965533,ACC,-0.6979526150766906,6.4068298884123,4.2285481622175345,0.0,7
1761810644865,8495590099761,GYRO,-0.02737304611963448,-0.09510893873651413,-0.010858139727990417,0.0,7
1761810644865,8495590099761,MAG,9.998482501969361,-41.02928596372016,-14.873038345196083,0.0,7
1761810644865,8495590099761,ACC,-1.2724526985542883,5.788083311838311,4.677406417294201,0.0,7
1761810644865,8495590099761,ROT_VEC,0.36528902673490654,0.3246868013406486,0.4930964722784603,0.3198547436287801,7
1761810644885,8495610233990,GYRO,-0.0740326436852804,0.08622890279062133,0.029430507183652064,0.0,7
1761810644885,8495610233990,ROT_VEC,0.25438483342923174,-0.36052179115234295,-0.826018551483398,0.20790257224150369,7
1761810644885,8495610233990,ACC,-1.1076153343151482,7.075742236148166,4.81624757467835,0.0,7
1761810644885,8495610233990,MAG,-9.949084713185998,-19.177393901535986,-9.641083804665836,0.0,7
1761810644905,8495630368218,GYRO,-0.12618837645020556,0.05038952121362515,-0.0028874385701706078,0.0,7
1761810644905,8495630368218,ROT_VEC,0.3710614824600713,-0.51191261985688,-1.6861515712099169,0.2805056047073995,7
1761810644905,8495630368218,MAG,10.84646884121041,-31.684553533439566,-9.212983720382688,0.0,7
1761810644905,8495630368218,ACC,-2.36088819592797,5.832277875400852,5.164147227843566,0.0,7
1761810644925,8495650502446,MAG,11.584904930398938,8.227805723357118,-16.636866206524203,0.0,7
1761810644925,8495650502446,ACC,0.0017833868373068745,8.38004691231072,5.33489414602896,0.0,7
1761810644925,8495650502446,GYRO,-0.044225589441174676,0.25266848369335154,0.015619735407994332,0.0,7
1761810644925,8495650502446,ROT_VEC,0.32227231909392284,-0.26160987670028296,0.8298505476073444,0.29668282554732606,7
1761810645220,8495945810146,ACC,0.04943029035484232,-0.08315753267633591,0.1003060067412016,0.0,
1761810645220,8495945810146,MAG,-0.059735698686415366,0.06640323778398806,-0.16450561565711566,0.0,
1761810645220,8495945810146,GYRO,0.05586403785020355,0.02344750572310034,0.04879116492147002,0.0,
1761810645220,8495945810146,ROT_VEC,-0.08137275887765824,-0.09357216420800797,0.11932218859794541,0.0,
1761810645516,8496241117847,ACC,-2.2400213982214527,7.437382408152201,4.727333341480547,0.0,7
1761810645516,8496241117847,GYRO,0.03659944850084768,-0.11597896661228195,-0.027431895154907834,0.0,7
1761810645516,8496241117847,ROT_VEC,0.30838479687883047,-0.40110520274645417,-0.69755714093136,0.5354612142790355,7
1761810645516,8496241117847,MAG,13.357017183827175,-14.915351236039314,-12.97421474539534,0.0,7
1761810645536,8496261310173,MAG,28.811921350133208,-27.072218838751773,-14.051585842272928,0.0,7
1761810645536,8496261310173,ROT_VEC,0.24305049878446197,-0.39029285685512705,0.5407689684891556,0.6017362480364367,7
1761810645536,8496261310173,GYRO,-0.004293046504642,0.08972904516701127,0.008754339676473235,0.0,7
1761810645536,8496261310173,ACC,-0.14633277537779932,8.44166618006164,6.925154905071095,0.0,7
1761810645556,8496281502500,ROT_VEC,0.23094708036514422,0.12498393450332526,-0.020410655494599153,0.6066258342863002,7
1761810645556,8496281502500,ACC,-1.1496904384482294,8.471999285928547,4.868873989674375,0.0,7
1761810645556,8496281502500,MAG,3.0616419784296074,-28.193409731299795,-0.6105705869310092,0.0,7
1761810645556,8496281502500,GYRO,0.032501627511018184,-0.03523211441449568,-0.0457779952149858,0.0,7
1761810645576,8496301694826,ROT_VEC,0.3346322298356781,0.5115647586764541,-0.5945809018213242,0.9382680454786941,7
1761810645576,8496301694826,ACC,-1.7416667057269943,6.668520189849489,5.838958110970153,0.0,7
1761810645576,8496301694826,GYRO,-0.07327024584817264,0.09516064454793605,-0.03246842468069442,0.0,7
1761810645576,8496301694826,MAG,14.855976782927042,-19.29963380470719,-13.868108141024692,0.0,7
1761810645597,8496321887152,ROT_VEC,0.29173225592600055,0.008482421596400891,0.35664053100465776,0.41653451451804807,7
1761810645597,8496321887152,GYRO,0.02102073291909129,-0.12991447683425844,-0.015018382361803473,0.0,7
1761810645597,8496321887152,ACC,-2.439556516550005,10.125076502462349,4.198427906859984,0.0,7
1761810645597,8496321887152,MAG,31.774789136534647,-42.134810268487726,-13.862024610336935,0.0,7
1761810645617,8496342079478,MAG,23.383096087074147,-35.92274456715339,-13.360918477178522,0.0,7
1761810645617,8496342079478,ACC,-1.0972402631676572,9.28337561185768,3.3579735421822363,0.0,7
1761810645617,8496342079478,ROT_VEC,0.21423936534262678,0.5706367058564634,-1.1409180688463016,0.7211881705318511,7
1761810645617,8496342079478,GYRO,0.10444902975582859,0.00717376495834934,-0.02291936137437888,0.0,7
1761810645637,8496362271805,GYRO,0.05304122037067194,0.21648539469381253,0.005926348448647108,0.0,7
1761810645637,8496362271805,ACC,-1.034068315488497,6.536522450217182,5.937308438997838,0.0,7
1761810645637,8496362271805,ROT_VEC,0.28562364840139937,0.5748464291475857,0.01832982356394353,0.6976488168067456,7
1761810645637,8496362271805,MAG,15.035428960650515,-19.195667329480674,-12.475790504945353,0.0,7
1761810645657,8496382464131,GYRO,-0.016547270713560915,0.07812374467198493,-0.015664982837493922,0.0,7
1761810645657,8496382464131,MAG,5.553620402902726,-28.108481439475696,-9.756754671890718,0.0,7
1761810645657,8496382464131,ACC,-1.4592297921325028,6.06499862554632,5.389660975955494,0.0,7
1761810645657,8496382464131,ROT_VEC,0.16583116678015428,0.39636916800084476,-1.264587070117211,0.4840362005283452,7
1761810645677,8496402656457,MAG,29.640573070144647,-27.55717634138352,-12.607487304714317,0.0,7
1761810645677,8496402656457,ROT_VEC,0.12318837024408351,-0.13973206340699135,-0.4469751879263572,0.640241977623186,7
1761810645677,8496402656457,ACC,-0.9494177831845667,7.224828016846638,5.183915794694167,0.0,7
1761810645677,8496402656457,GYRO,-0.07940583019632623,0.16959238550836755,0.03361669060929192,0.0,7
1761810645698,8496422848784,ROT_VEC,0.290016178983609,-0.11828912525447446,-0.36625538831692656,0.8310516097936006,7
1761810645698,8496422848784,GYRO,0.09313414695483696,-0.12865435834062963,-0.014502268713107619,0.0,7
1761810645698,8496422848784,MAG,56.31518755122909,-45.445165941393384,-16.953655992361114,0.0,7
1761810645698,8496422848784,ACC,-1.4304502155117609,5.104000834230991,4.9717794120124035,0.0,7
1761810645718,8496443041110,ACC,-0.22288592639026722,7.597337514097421,4.617067447990385,0.0,7
1761810645718,8496443041110,MAG,13.129370430482789,-32.890322665246046,-12.065796202515996,0.0,7
1761810645718,8496443041110,ROT_VEC,0.2913577729607557,-0.16840532552238,0.5663732800464943,-0.009414379112658926,7
1761810645718,8496443041110,GYRO,-0.0007312239639620226,-0.1249970037854484,0.011399843801344112,0.0,7
1761810645738,8496463233436,ROT_VEC,0.37392458814215407,0.1698135841273263,0.34938476021796505,0.3472365748067371,7
1761810645738,8496463233436,MAG,13.241524260535522,-40.270303832371965,-14.206153160309453,0.0,7
1761810645738,8496463233436,ACC,-0.617496796909125,8.08252511928208,2.9873988709265475,0.0,7
1761810645738,8496463233436,GYRO,-0.12418379379357544,-0.09039083315752845,0.004126004593587312,0.0,7
1761810645758,8496483425763,MAG,43.40809814997978,-30.40451930003517,-9.492791876526207,0.0,7
1761810645758,8496483425763,GYRO,0.01766740675430338,0.14258685462583512,-0.035436051460004704,0.0,7
1761810645758,8496483425763,ACC,-1.8013566516684427,8.313450499398934,3.856808482722237,0.0,7
1761810645758,8496483425763,ROT_VEC,0.307231961443231,-0.1574669430414075,0.3618954693946315,0.5721531254717271,7
1761810645778,8496503618089,GYRO,-0.005672300706678818,0.013057810973635214,-0.018313583270194625,0.0,7
1761810645778,8496503618089,MAG,23.739041936501952,-37.15015140669757,-5.054091847756187,0.0,7
1761810645778,8496503618089,ROT_VEC,0.45445130331357775,0.10521440608872266,-0.04797378890532245,0.7430249172372537,7
1761810645778,8496503618089,ACC,-0.7994688121331941,5.404078436980802,2.992993667716215,0.0,7
1761810645798,8496523810415,ROT_VEC,0.135997461047916,0.09732284135571537,-0.019575111073049392,0.32162711566472896,7
1761810645798,8496523810415,ACC,-1.1138230988350653,7.641022196234867,4.348321222448371,0.0,7
1761810645798,8496523810415,MAG,35.2981571983063,-44.80559969165461,-16.790191163972544,0.0,7
1761810645798,8496523810415,GYRO,0.024128141557684595,-0.12775930922229978,0.016835765953751327,0.0,7
1761810645819,8496544002741,ROT_VEC,0.2781084811530514,0.22097948452039046,0.33155492163602085,0.8031009016726188,7
1761810645819,8496544002741,ACC,0.011623020720567284,6.123181876182707,6.046670610724214,0.0,7
1761810645819,8496544002741,MAG,13.66117538827726,-47.048179639494336,-6.458686374474989,0.0,7
1761810645819,8496544002741,GYRO,-0.017692771887198463,-0.040639225764635634,-0.0019386446662136205,0.0,7
1761810645839,8496564195068,MAG,6.764052711618989,-48.593726784623506,-22.45934979268919,0.0,7
1761810645839,8496564195068,ROT_VEC,0.27539675023250915,-0.24187780925295563,-0.8755493989380752,0.2998865339715975,7
1761810645839,8496564195068,ACC,-0.7310441548880477,7.961950870429305,6.586736376853869,0.0,7
1761810645839,8496564195068,GYRO,-0.011458204384933082,-0.14629809542594616,0.018578716422967805,0.0,7
1761810645859,8496584387394,MAG,9.390891392936823,-13.59217257124667,-18.347365128455838,0.0,7
1761810645859,8496584387394,GYRO,0.05314122909567042,-0.29069312891145827,0.016728934527966012,0.0,7
1761810645859,8496584387394,ACC,-1.7497148122877533,7.428325830395359,5.545086010755361,0.0,7
1761810645859,8496584387394,ROT_VEC,0.2592065709540055,-0.34994639432210206,-0.5914346877413761,0.4021865396371461,7
1761810645879,8496604579720,ROT_VEC,0.18317598535897764,-0.41034167994852966,-0.16470880609697888,0.30313809056325824,7
1761810645879,8496604579720,MAG,3.545218324728559,-40.72341602044903,-12.999790678577476,0.0,7
1761810645879,8496604579720,GYRO,0.05735868595585493,-0.08867910305245179,-0.005053124604297866,0.0,7
1761810645879,8496604579720,ACC,-1.2794704244776056,6.554079242305011,3.4181960116197567,0.0,7
1761810645899,8496624772047,ACC,-1.3299687438911163,7.03841901387365,4.67172249785023,0.0,7
1761810645899,8496624772047,GYRO,-0.08117149899161957,0.13191127352059678,-0.026104440242587516,0.0,7
1761810645899,8496624772047,ROT_VEC,0.30836034564680015,-0.6160867338247257,-0.43392039799579374,0.01803840222162384,7
1761810645899,8496624772047,MAG,55.41264321941558,-54.08276332020223,-21.661391520355334,0.0,7
1761810645920,8496644964373,ACC,-2.2646092894297145,7.369516528241711,4.880685252823561,0.0,7
1761810645920,8496644964373,ROT_VEC,0.24672389523370142,-0.513748250795938,0.1992821190970824,0.4249503365822844,7
1761810645920,8496644964373,MAG,11.937154577426249,-56.37325231285081,-23.498558325013406,0.0,7
1761810645920,8496644964373,GYRO,-0.010034644037703894,0.13902777029499258,-0.02564809603080372,0.0,7
1761810645940,8496665156699,ROT_VEC,0.32911386593864544,-0.19982897640526243,0.13011514578899885,0.5520344803494046,7
1761810645940,8496665156699,ACC,-1.6709673584869875,9.077591822260823,4.795366846972192,0.0,7
1761810645940,8496665156699,MAG,6.708791334677983,-50.70388203180659,-16.031032627910662,0.0,7
1761810645940,8496665156699,GYRO,0.005257082912694605,-0.04296393339330645,-0.03015729523258352,0.0,7
1761810645960,8496685349025,GYRO,0.05965394055356287,0.05868524226043552,0.001032181526101772,0.0,7
1761810645960,8496685349025,ACC,-0.8161167866589529,8.77003429511192,6.41850441672786,0.0,7
1761810645960,8496685349025,ROT_VEC,0.3113589747022279,-0.29360023003262,0.8133416371108726,0.17252158391359038,7
1761810645960,8496685349025,MAG,10.40043886899311,-18.232001273742636,-14.34087724169719,0.0,7
1761810645980,8496705541352,ACC,-0.7087104754863063,4.432858283384307,3.988641979582784,0.0,7
1761810645980,8496705541352,MAG,13.28362327397252,-26.8957298345824,-3.8912185964973207,0.0,7
1761810645980,8496705541352,GYRO,-0.03753555428968257,-0.3518077729953949,-0.005937124319140039,0.0,7
1761810645980,8496705541352,ROT_VEC,0.3438876934585181,-0.12247200155967809,-0.26750653189095297,0.2781966094912052,7
1761810646000,8496725733678,GYRO,-0.05763972041244445,-0.1326671949587612,-0.0032729336595343768,0.0,7
1761810646000,8496725733678,ROT_VEC,0.28018393638656697,0.4942533598273906,-0.7184528828370859,0.17873877232869267,7
1761810646000,8496725733678,MAG,20.055599983597475,-24.114962267517953,-5.871106513323434,0.0,7
1761810646000,8496725733678,ACC,-1.8898612830480437,6.716520113107317,5.542888715823315,0.0,7
1761810646021,8496745926004,GYRO,0.037449210225468446,-0.015896405028949925,0.022378785502662313,0.0,7
1761810646021,8496745926004,ROT_VEC,0.18152054865834166,-0.1023238818079652,0.5823484501392329,0.504187027885513,7
1761810646021,8496745926004,MAG,33.71176801723782,-15.909001457263866,-19.86235665361765,0.0,7
1761810646021,8496745926004,ACC,-1.695484915558474,7.359141087064512,6.063181791525239,0.0,7
1761810646041,8496766118331,ROT_VEC,0.24193552274047422,0.004417415140137285,-0.5899446835752017,0.5053354426762131,7
1761810646041,8496766118331,GYRO,0.024166061522003117,-0.19184124533941,-0.02911232534645065,0.0,7
1761810646041,8496766118331,MAG,-4.1189932795203195,-5.874992985486356,3.8766842092062896,0.0,7
1761810646041,8496766118331,ACC,-0.4692097192610629,8.88861315156408,5.473546510516375,0.0,7
1761810646061,8496786310657,ACC,-1.5831862753053534,7.667784992220764,4.1566070723396455,0.0,7
1761810646061,8496786310657,ROT_VEC,0.19179019546988374,0.6087778541301184,0.24409776764062116,0.40458995615815185,7
1761810646061,8496786310657,GYRO,-0.04883445779177401,-0.019940812326622398,0.03376882773925156,0.0,7
1761810646061,8496786310657,MAG,6.275845552710363,-26.699076886446566,-13.064925035979247,0.0,7
1761810646081,8496806502983,ACC,-0.796379532842665,5.446685868149517,6.265258725059408,0.0,7
1761810646081,8496806502983,MAG,-4.057951891770192,-48.99177143970283,-12.516388063112993,0.0,7
1761810646081,8496806502983,GYRO,-0.02095081806024679,-0.19319354798143545,-0.004455913515215928,0.0,7
1761810646081,8496806502983,ROT_VEC,0.1922047408937943,0.20556384639231204,0.4784603296984441,0.5143180565545357,7
1761810646101,8496826695310,ACC,-0.9114222382877437,7.18031938858882,5.26444058051309,0.0,7
1761810646101,8496826695310,ROT_VEC,0.17502860578260038,-0.2730757990110656,-0.7520387412438811,0.22779176002852142,7
1761810646101,8496826695310,MAG,10.365551923301322,-5.442875507757381,-4.011221224424252,0.0,7
1761810646101,8496826695310,GYRO,-0.11794264554408754,0.02391583548815196,0.013823571606587565,0.0,7
1761810646122,8496846887636,MAG,44.886685538795454,-3.9489604301940218,1.315566854551253,0.0,7
1761810646122,8496846887636,ROT_VEC,0.27946432587819303,0.14962476256618262,0.7022618356871387,0.39805924614127086,7
1761810646122,8496846887636,ACC,-1.770540423021456,6.216798761951129,5.927925871092677,0.0,7
1761810646122,8496846887636,GYRO,-0.01683637799550839,-0.13693863375492282,-0.012429023558611363,0.0,7
1761810646142,8496867079962,MAG,42.99337140130456,-24.97640817225457,-1.5425438882441378,0.0,7
1761810646142,8496867079962,ACC,-0.3283024896100361,8.034840070116662,4.669158088584892,0.0,7
1761810646142,8496867079962,ROT_VEC,0.3270370579107693,-0.2093572372591534,0.2747466280836412,0.07129047106874874,7
1761810646142,8496867079962,GYRO,-0.06947573731176668,-0.02852518784092257,-0.0052703351440267256,0.0,7
1761810646162,8496887272288,ACC,-1.4401853945005934,9.11264599236032,5.6843840133177554,0.0,7
1761810646162,8496887272288,ROT_VEC,0.19789101098374628,-0.3427205584544699,-0.7418183073211414,0.6683500389920642,7
1761810646162,8496887272288,GYRO,-0.054240102703460455,-0.2022130718449623,0.008689995774994571,0.0,7
1761810646162,8496887272288,MAG,23.38493217489229,-21.324038414167443,-9.509968328083119,0.0,7
1761810646182,8496907464615,GYRO,-0.09078140538034997,0.017239795550316777,0.005863341048923645,0.0,7
1761810646182,8496907464615,ACC,-1.1671349166770753,9.77552679169775,7.665685522281592,0.0,7
1761810646182,8496907464615,MAG,21.024445954822873,-35.092338935403994,-13.688720614154334,0.0,7
1761810646182,8496907464615,ROT_VEC,0.23277536569912743,0.03692299399327193,0.2652083587530346,0.27063890174299715,7
1761810646202,8496927656941,GYRO,0.04543963344876075,-0.12074618781501172,-0.007944707316839642,0.0,7
1761810646202,8496927656941,MAG,15.903472586706798,-23.451425467534275,-5.802883281947636,0.0,7
1761810646202,8496927656941,ACC,-0.5715063573357332,7.794095292795712,5.786844503387317,0.0,7
1761810646202,8496927656941,ROT_VEC,0.17632480513367585,0.08353674113142713,-0.042729577083819345,0.4269375479020737,7
1761810646223,8496947849267,MAG,19.394524744801426,-53.242958772787226,-21.00858885374784,0.0,7
1761810646223,8496947849267,ACC,-0.10367812679216327,6.291623727515968,5.03794708173555,0.0,7
1761810646223,8496947849267,ROT_VEC,0.22607666909974514,-0.39150231601183405,-0.5749246509776968,0.4837235160417614,7
1761810646223,8496947849267,GYRO,-0.015736375157090202,-0.12022660620046233,0.02926616490787179,0.0,7
1761810646243,8496968041594,ROT_VEC,0.23351466338007212,0.2167633935099963,-0.33502616404345864,0.300019337466607,7
1761810646243,8496968041594,ACC,-1.8769599169969993,5.477397604540604,5.68139650034991,0.0,7
1761810646243,8496968041594,MAG,8.610685256459991,-27.031021025726403,-13.042793851801889,0.0,7
1761810646243,8496968041594,GYRO,0.027654640236148432,-0.19709631670550562,0.03286224994446324,0.0,7
1761810646263,8496988233920,ACC,-1.4502119997320722,8.614927286024587,5.35357413105523,0.0,7
1761810646263,8496988233920,MAG,8.729885824992465,-25.09057110198266,-18.050845629232903,0.0,7
1761810646263,8496988233920,ROT_VEC,0.3219585110377352,-0.2684956906956457,-0.26112925348532134,0.5043142841373167,7
1761810646263,8496988233920,GYRO,0.07957632440944068,-0.21812574501426285,0.03390862745631446,0.0,7
1761810646283,8497008426246,MAG,26.425074332292237,-29.280022143468862,-19.77420695117353,0.0,7
1761810646283,8497008426246,GYRO,-0.028527912569304786,-0.014787127290341883,-0.010432671806936708,0.0,7
1761810646283,8497008426246,ROT_VEC,0.16987868865893638,-0.4566239782089639,1.5018843453691006,0.8823963440877393,7
1761810646283,8497008426246,ACC,1.171375192483559,6.465714515547944,5.6617899252831565,0.0,7
1761810646303,8497028618573,GYRO,-0.03564893434341294,0.03599818694666728,-0.0005318031323350066,0.0,7
1761810646303,8497028618573,ACC,-0.3825975529263632,6.054545160077577,6.788483208893944,0.0,7
1761810646303,8497028618573,MAG,55.974292940242954,-37.22641613973576,-8.79660191476107,0.0,7
1761810646303,8497028618573,ROT_VEC,0.17383204791133205,0.36812120896551204,0.6100532717775176,0.094560591721713,7
1761810646323,8497048810899,ACC,-1.7391902231785,7.1501226884717335,4.069660482605509,0.0,7
1761810646323,8497048810899,MAG,29.899734417955344,-42.791464462002324,-23.710713583508753,0.0,7
1761810646323,8497048810899,ROT_VEC,0.2540565906040527,-0.08796936266626798,-0.5104748932339614,0.2910875679970722,7
1761810646323,8497048810899,GYRO,-0.12221959630544818,0.03502255379078441,-0.00025480679146459156,0.0,7
1761810646344,8497069003225,ACC,-1.301665020791552,6.74984130156495,7.312963840939644,0.0,7
1761810646344,8497069003225,GYRO,0.06513903275229169,-0.023149337600935262,0.026621298160690213,0.0,7
1761810646344,8497069003225,MAG,1.9083088579406635,-43.98103139640312,-4.078598977451941,0.0,7
1761810646344,8497069003225,ROT_VEC,0.26247855001278264,0.15341958902216374,-0.14327466517083984,0.3479202105721222,7
1761810646364,8497089195551,GYRO,0.05411048900759195,-0.12104379407220728,0.0013830582779943638,0.0,7
1761810646364,8497089195551,ROT_VEC,0.2632333383972893,-0.34379735580128756,-0.18141075055960496,0.8110400612825845,7
1761810646364,8497089195551,ACC,-1.79638224333651,7.696815495688461,2.582179836475324,0.0,7
1761810646364,8497089195551,MAG,24.49711454355573,-28.93309667503675,-18.817119227222843,0.0,7
1761810646384,8497109387878,ACC,0.3129259571598616,5.657196107945174,6.114853962121622,0.0,7
1761810646384,8497109387878,ROT_VEC,0.22198715811291145,-0.045769884979584036,-0.026115594112142898,0.7065807233159885,7
1761810646384,8497109387878,MAG,-3.0863728304726337,-23.05913540131758,-21.81718563430438,0.0,7
1761810646384,8497109387878,GYRO,-0.1028183303046971,0.12228810155934831,-0.029853483101829996,0.0,7
1761810646404,8497129580204,ACC,-0.7858071192243405,7.807767610394256,4.746707229270653,0.0,7
1761810646404,8497129580204,ROT_VEC,0.342908100555856,-0.3131602166315299,0.39094741019471724,0.5096971136161972,7
1761810646404,8497129580204,GYRO,-0.046681647179988864,-0.07599930336322835,0.020248440653645006,0.0,7
1761810646404,8497129580204,MAG,31.39872356959977,-30.138473253136276,-20.3995797350535,0.0,7
1761810646424,8497149772530,ACC,0.4453693158801961,7.3581953341889195,4.912267648636171,0.0,7
1761810646424,8497149772530,GYRO,0.11782521156619837,-0.0017975432564753605,-0.002763734489510534,0.0,7
1761810646424,8497149772530,MAG,39.85816753263296,-27.096436866999678,-9.762259554497376,0.0,7
1761810646424,8497149772530,ROT_VEC,0.3876178517239786,-0.49614258335022327,0.10025168016486943,0.38422862881204034,7
1761810646445,8497169964857,MAG,14.250934160286604,-30.953728584551513,1.9415585677472176,0.0,7
1761810646445,8497169964857,ACC,-1.0909182506731145,8.815617769251078,5.303019992862551,0.0,7
1761810646445,8497169964857,ROT_VEC,0.31457682974348594,0.11057460280328206,-1.233495508985955,0.5851538168890854,7
1761810646445,8497169964857,GYRO,-0.01832682562579581,-0.04821640173253227,0.023194760940828313,0.0,7
1761810646465,8497190157183,ROT_VEC,0.3766349108186287,-0.0886345762757668,0.42089881242777527,0.6072012589872199,7
1761810646465,8497190157183,ACC,-1.2416655537735262,9.927040794498808,4.323554602058974,0.0,7
1761810646465,8497190157183,GYRO,-0.008404342605479124,-0.03748915931755313,0.04014566248036546,0.0,7
1761810646465,8497190157183,MAG,-16.379045030887333,-7.306539425109447,-10.347896904289087,0.0,7
1761810646485,8497210349509,ROT_VEC,0.22730370779646566,0.057847050710532984,0.42106837198210967,0.8220404945886947,7
1761810646485,8497210349509,GYRO,0.006765784645427949,-0.012517093733388975,0.0310646794034648,0.0,7
1761810646485,8497210349509,MAG,17.432534554909935,-28.56494570530229,-11.062759697121852,0.0,7
1761810646485,8497210349509,ACC,-0.2703316416811533,8.913737511803717,6.348197507376922,0.0,7
1761810646505,8497230541836,ROT_VEC,0.23974795997982487,0.39629744967163155,-0.08500722912126703,0.38047563195008766,7
1761810646505,8497230541836,ACC,-0.7032882472638593,6.035664772311236,4.105303849091787,0.0,7
1761810646505,8497230541836,GYRO,0.04497295881918707,0.1670552673340607,0.0012443828720106295,0.0,7
1761810646505,8497230541836,MAG,0.2668176394040156,-32.71270402163921,-1.711792780009118,0.0,7
1761810646525,8497250734162,ACC,-0.33424837854210016,7.905736484944655,5.2650165156742625,0.0,7
1761810646525,8497250734162,MAG,21.672699917716816,-38.596015097459656,-14.134794424204298,0.0,7
1761810646525,8497250734162,ROT_VEC,0.18768369857716619,-0.4366951972435691,-0.46124830131518224,0.2434659188448446,7
1761810646525,8497250734162,GYRO,0.036058013920818636,0.1259745554641362,-0.010429076401731139,0.0,7
1761810646546,8497270926488,MAG,17.610544327245986,-48.31148848174623,-34.57538556637093,0.0,7
1761810646546,8497270926488,ROT_VEC,0.3239328218673202,-0.2457668332531708,0.021600911891552603,0.9628988212114353,7
1761810646546,8497270926488,ACC,-1.8178072443747588,5.962172961957368,4.182376774107126,0.0,7
1761810646546,8497270926488,GYRO,0.003883374657634397,0.05147011716624917,0.03459545115916919,0.0,7
1761810646566,8497291118814,GYRO,-0.07676700441864248,0.11843675115562616,0.023413780121433487,0.0,7
1761810646566,8497291118814,ACC,-1.8537980414690725,7.3475024412292305,3.577508212505049,0.0,7
1761810646566,8497291118814,ROT_VEC,0.19255290028426209,0.24053479128612143,0.1557983354400773,0.6281941242686784,7
1761810646566,8497291118814,MAG,11.556161323407059,-26.92957765674163,-7.748297162388903,0.0,7
1761810646586,8497311311141,GYRO,-0.0935163475780515,0.005460602587700973,0.012577031030191192,0.0,7
1761810646586,8497311311141,ACC,-1.0163595916879813,8.499777168578158,3.0112292497673248,0.0,7
1761810646586,8497311311141,ROT_VEC,0.3206023454435374,-0.02104319229082449,-0.6507069592317024,0.4916684302308204,7
1761810646586,8497311311141,MAG,12.894064360095816,-29.395861231095395,-8.317990473834742,0.0,7
1761810646606,8497331503467,MAG,10.957880601762401,-27.104972088303796,-13.85835023163294,0.0,7
1761810646606,8497331503467,ACC,-1.4699721953895883,8.167062946570713,3.86135868699692,0.0,7
1761810646606,8497331503467,ROT_VEC,0.38746428046181774,0.05981935916960866,-0.16954730508529312,0.12514728729526617,7
1761810646606,8497331503467,GYRO,0.08375736561867107,-0.062239126228293605,-0.011736276781917205,0.0,7
1761810646626,8497351695793,ROT_VEC,0.30886038694716794,-0.363210540891029,0.592955414748868,0.3684304387400033,7
1761810646626,8497351695793,MAG,9.24722493444109,-39.95685322308986,-7.604677459089288,0.0,7
1761810646626,8497351695793,GYRO,0.025232831706517626,0.09068354800284065,-0.001037939029472485,0.0,7
1761810646626,8497351695793,ACC,-2.3715560105689355,6.410441959442837,4.718786492137646,0.0,7
1761810646647,8497371888120,MAG,0.43254615800027274,-24.383583787976985,-9.996793691764335,0.0,7
1761810646647,8497371888120,ACC,-0.8030400312386146,6.595025161600106,7.6526618192420655,0.0,7
1761810646647,8497371888120,ROT_VEC,0.2780155086461931,0.6604749387865345,-0.2382576301760947,0.41030711271875653,7
1761810646647,8497371888120,GYRO,-0.06726874830762604,-0.3004887645902632,-0.005893777348344498,0.0,7
1761810646667,8497392080446,MAG,28.257613155114345,-40.82317240394423,-13.367811201278542,0.0,7
1761810646667,8497392080446,ACC,-1.200801902435138,8.845625991359832,5.389435072903937,0.0,7
1761810646667,8497392080446,ROT_VEC,0.2901190255238445,-0.19543281588755707,1.0007312721430477,-0.15196190887953698,7
1761810646667,8497392080446,GYRO,-0.015545354660472651,-0.11635715472948693,-0.004491316055247775,0.0,7
1761810646687,8497412272772,MAG,-1.1322336086854545,-47.16860666472866,-4.648987963046233,0.0,7
1761810646687,8497412272772,ACC,-0.44394700774088525,8.014345162739826,4.987408740318162,0.0,7
1761810646687,8497412272772,GYRO,-0.056801875125194475,-0.006404186658079545,-0.0080030402928682,0.0,7
1761810646687,8497412272772,ROT_VEC,0.3464243650055249,0.2990618878152755,0.09207656128672473,0.2763395703972706,7
1761810646707,8497432465099,GYRO,0.024871388559137942,0.10959316346143774,0.009602392477190531,0.0,7
1761810646707,8497432465099,MAG,23.526359839669283,-52.40420721739488,-10.762841274197177,0.0,7
1761810646707,8497432465099,ACC,-1.2817076087204415,3.98610515601149,4.711304414714613,0.0,7
1761810646707,8497432465099,ROT_VEC,0.16050748126580727,-0.030454607553619163,-0.2060219947126736,0.2795077126866701,7
1761810646727,8497452657425,MAG,0.43985893969789136,-32.58727583773636,3.5843463727308458,0.0,7
1761810646727,8497452657425,ACC,-1.1198441913410373,7.567996736678344,4.258910550082308,0.0,7
1761810646727,8497452657425,GYRO,0.07515142576402775,-0.019944806841479108,0.030507844187410597,0.0,7
1761810646727,8497452657425,ROT_VEC,0.17170438398564597,0.1824652097113611,0.04856948651117002,-0.008965727378212527,7
1761810646748,8497472849751,ACC,-1.4513670767555855,8.442717070066504,4.669339966669154,0.0,7
1761810646748,8497472849751,MAG,24.434576797855282,-19.635127946605024,-4.074854768104963,0.0,7
1761810646748,8497472849751,GYRO,-0.028683647155158625,-0.04352538720138992,0.02259376062917165,0.0,7
1761810646748,8497472849751,ROT_VEC,0.21063795398818494,0.33919770697393986,-0.26655394675556066,0.34753184117866076,7
1761810646768,8497493042077,GYRO,0.0066370638720419615,-0.15491101947243927,-0.0035054630645885957,0.0,7
1761810646768,8497493042077,MAG,-6.230554386447091,-27.924932512280186,-18.282879978042157,0.0,7
1761810646768,8497493042077,ROT_VEC,0.2789509797368564,0.004508561424228594,0.43698352754243314,0.11164282498629807,7
1761810646768,8497493042077,ACC,-1.6132152262511932,8.2022588468056,4.653408265676969,0.0,7
1761810646788,8497513234404,GYRO,-0.04017985288674471,-0.122928345103433,-0.0023023834866897352,0.0,7
1761810646788,8497513234404,MAG,16.111738107708558,-41.72032649857112,0.15002436960192178,0.0,7
1761810646788,8497513234404,ROT_VEC,0.23505178345639385,0.6768566293550081,-0.42525889044056553,0.3830746927429736,7
1761810646788,8497513234404,ACC,-1.630764906262384,7.646863979798721,4.685020000556857,0.0,7
1761810646808,8497533426730,ROT_VEC,0.2274446202107739,-0.2679953612268823,-0.8427991421168388,0.27508903244952065,7
1761810646808,8497533426730,ACC,-0.6461908411340814,9.072156368908875,4.015387518686614,0.0,7
1761810646808,8497533426730,GYRO,0.01651536226685641,0.09839335762583834,-0.006660145414254943,0.0,7
1761810646808,8497533426730,MAG,-1.053527218579151,-21.89276403850758,-16.581534535907856,0.0,7
1761810646828,8497553619056,ROT_VEC,0.14342783797563965,-0.0318882342558767,-0.3151601707219508,0.3719816955049576,7
1761810646828,8497553619056,MAG,25.223962785433972,-27.361268661288815,-27.418670677609768,0.0,7
1761810646828,8497553619056,GYRO,-0.08898956021326702,0.04701741299336867,-0.02192570847905535,0.0,7
1761810646828,8497553619056,ACC,-1.067894268521996,6.6022136197406915,5.888881893193672,0.0,7
1761810646848,8497573811383,GYRO,-0.0801791910941894,-0.1858961017904014,-0.027568518780784416,0.0,7
1761810646848,8497573811383,MAG,14.043077233677533,-39.723792707339776,17.870318820766695,0.0,7
1761810646848,8497573811383,ROT_VEC,0.21391183881227005,-0.024387209136646305,1.0117400464443356,0.5267420043970807,7
1761810646848,8497573811383,ACC,-0.9986294485441259,7.693530595369815,5.033615473380698,0.0,7
1761810646869,8497594003709,GYRO,-0.050283377472221676,-0.17761350232711115,0.02043400004012105,0.0,7
1761810646869,8497594003709,MAG,22.859333404791478,-39.223226817526864,-2.020288545858388,0.0,7
1761810646869,8497594003709,ACC,-1.0041548829715208,6.334519144479136,6.017280974736066,0.0,7
1761810646869,8497594003709,ROT_VEC,0.25910798829430204,-0.31310163322662,-1.7855481726423463,0.304607970921651,7
1761810646889,8497614196035,MAG,27.733966510762478,-36.4095628254575,-13.491939947715478,0.0,7
1761810646889,8497614196035,GYRO,0.020507859378463833,0.0561395158449437,0.009483156874109548,0.0,7
1761810646889,8497614196035,ROT_VEC,0.24599579285802986,-0.08742125119861065,0.540806924586805,0.3594514862968168,7
1761810646889,8497614196035,ACC,-1.4587049792318025,8.335212173528806,4.868527956799729,0.0,7
1761810646909,8497634388361,ACC,-0.7877774792651611,7.775639811680026,6.1740937691093585,0.0,7
1761810646909,8497634388361,GYRO,0.016846566977169346,0.00616503975711735,0.022359049136077384,0.0,7
1761810646909,8497634388361,ROT_VEC,0.1526306453677749,0.20607367935588633,0.1998546513730012,-0.016948812344122335,7
1761810646909,8497634388361,MAG,-9.233991751941494,-48.025698875286686,-1.0344867469258632,0.0,7
1761810646929,8497654580688,ROT_VEC,-0.017437091565036512,0.5637603324299749,0.7486709019397615,0.11187614728783478,7
1761810646929,8497654580688,ACC,0.25261939623826213,8.639582806978275,6.313402381663866,0.0,7
1761810646929,8497654580688,GYRO,-0.0739437570618148,0.010422452739894303,0.022060219352650488,0.0,7
1761810646929,8497654580688,MAG,27.344262833618533,-19.748915172654314,-23.06492111131199,0.0,7
1761810646949,8497674773014,ROT_VEC,0.14715888276989128,0.09654854017243641,-0.38762116024011345,0.09490911938833207,7
1761810646949,8497674773014,ACC,-0.9036128081223188,10.344954221724466,4.547622593854591,0.0,7
1761810646949,8497674773014,GYRO,0.05699684528419399,0.11250111361210205,0.010587064919580155,0.0,7
1761810646949,8497674773014,MAG,20.92659662692217,-11.182484361496698,-12.54326205065962,0.0,7
1761810646970,8497694965340,GYRO,-0.04612147109374775,-0.07542648072042255,0.025019045218631224,0.0,7
1761810646970,8497694965340,ACC,-0.15298657588917142,7.4751585499548945,4.434567903422516,0.0,7
1761810646970,8497694965340,ROT_VEC,0.1894908387885781,0.11295987468829638,0.0545633172057876,0.43368555573409884,7
1761810646970,8497694965340,MAG,4.516822545102329,-27.208611068205744,-2.050053476053401,0.0,7
1761810646990,8497715157667,MAG,14.818331202291798,-20.219473017374725,-21.035540946840428,0.0,7
1761810646990,8497715157667,ACC,-1.3469802845754593,8.78988243553615,5.327148380920277,0.0,7
1761810646990,8497715157667,ROT_VEC,0.1150279077823683,-0.13995848094123312,0.6907619726187598,0.30105275571142925,7
1761810646990,8497715157667,GYRO,0.02157796644785179,0.04996008109885589,0.03715166399286838,0.0,7
1761810647010,8497735349993,GYRO,-0.0682089472598962,0.05410499785997423,0.011249840009015601,0.0,7
1761810647010,8497735349993,MAG,-4.769726717870472,-34.36055050142333,-12.733159264800992,0.0,7
1761810647010,8497735349993,ROT_VEC,0.1680975829167463,-0.011481423860241785,-0.6594162962732916,0.14306520844881315,7
1761810647010,8497735349993,ACC,-1.3344354530792466,9.093273939519793,4.6513516933737735,0.0,7
1761810647030,8497755542319,ROT_VEC,0.15314362570892878,0.34189882616999884,0.5350733332067175,0.5066469948373244,7
1761810647030,8497755542319,GYRO,-0.04239087301967897,-0.18966209552126476,0.024485542145568598,0.0,7
1761810647030,8497755542319,MAG,24.84810573157284,-33.616235780189015,2.148125260481584,0.0,7
1761810647030,8497755542319,ACC,-1.4115293486017917,7.7845836392666135,4.559426830678039,0.0,7
1761810647050,8497775734646,MAG,16.56121514091412,-37.06633723973971,-3.9127426640648846,0.0,7
1761810647050,8497775734646,ROT_VEC,0.1886626847115371,0.31866002730703713,-0.19352368354447277,0.27251660070301736,7
1761810647050,8497775734646,ACC,-1.1116063278994732,7.340578915677482,6.058266112747475,0.0,7
1761810647050,8497775734646,GYRO,0.0060073601956346515,0.16690063586590212,0.04487586028764564,0.0,7
1761810647071,8497795926972,GYRO,-0.00480487512334473,0.19670197942649395,0.009932562183759661,0.0,7
1761810647071,8497795926972,ROT_VEC,0.25531016241372784,-0.7218587966691489,-0.0035210583174128327,0.5299937764895514,7
1761810647071,8497795926972,MAG,16.859155052056504,-36.54440051054188,-20.349241465818977,0.0,7
1761810647071,8497795926972,ACC,-1.4079347142542884,8.534737269585698,4.154948152567187,0.0,7
1761810647091,8497816119298,GYRO,-0.013559592443897341,-0.01776902381692178,0.02473281362374094,0.0,7
1761810647091,8497816119298,ROT_VEC,0.17176990280164323,-0.6528648862181328,0.13195396352959857,0.5101685268709872,7
1761810647091,8497816119298,MAG,35.73851558604652,-44.78598913836951,-10.97038856092285,0.0,7
1761810647091,8497816119298,ACC,-0.9043783774852956,8.637063853921862,4.139523507176833,0.0,7
1761810647111,8497836311624,GYRO,-0.04354848486760226,0.03972260074735273,0.021352576635488923,0.0,7
1761810647111,8497836311624,ROT_VEC,0.07673345382357183,-0.07036445590271179,0.009708186442866792,0.47894553544286494,7
1761810647111,8497836311624,MAG,9.565752691379872,-3.8652103076022875,-15.074842400704728,0.0,7
1761810647111,8497836311624,ACC,-1.5306586743370745,8.207515430510824,5.977377178184805,0.0,7
1761810647131,8497856503951,GYRO,-0.1200522490411886,-0.05907906584051081,0.014487332251673445,0.0,7
1761810647131,8497856503951,MAG,13.344374589590165,-13.10752393019471,-18.00642601243238,0.0,7
1761810647131,8497856503951,ACC,-0.18624790324590254,8.837401266522733,6.432542179371754,0.0,7
1761810647131,8497856503951,ROT_VEC,0.2935683270796545,-0.005369278447792707,0.09684512355281144,0.25959022597143644,7
1761810647151,8497876696277,MAG,39.683099475906936,-34.11510221388837,-1.9488636744416037,0.0,7
1761810647151,8497876696277,GYRO,-0.026445291049269144,0.13007150764802913,-0.03611915485936707,0.0,7
1761810647151,8497876696277,ROT_VEC,0.23000413887410856,0.20963664850280236,1.0219559117989507,0.5823933065869443,7
1761810647151,8497876696277,ACC,-2.6776023811502707,9.65962866411698,4.3373453857083,0.0,7
1761810647172,8497896888603,GYRO,0.05260072084596329,0.012804045908700292,0.026455072515252212,0.0,7
1761810647172,8497896888603,ROT_VEC,0.293997549292442,-0.45813295647589114,0.58667723604773,0.5854112942030105,7
1761810647172,8497896888603,ACC,-1.706928643377111,7.444249755563085,5.925877826725573,0.0,7
1761810647172,8497896888603,MAG,0.2806088709312795,-6.356601347985764,-18.94027348934974,0.0,7
1761810647192,8497917080930,ACC,-1.052512532948475,8.900728601011073,4.259535961347498,0.0,7
1761810647192,8497917080930,GYRO,-0.13241299492854086,0.04071098728926585,0.020363848663481746,0.0,7
1761810647192,8497917080930,ROT_VEC,0.0801579916924468,-0.14630363184624576,0.3077401853606191,0.5369845121603589,7
1761810647192,8497917080930,MAG,30.5461518336813,-19.325329387832337,-8.90592360171368,0.0,7
1761810647212,8497937273256,ROT_VEC,0.18708700674608242,0.501475583692602,1.434784458723526,0.8815406835433229,7
1761810647212,8497937273256,ACC,-0.6784081750904478,7.130097081071928,3.718651061678704,0.0,7
1761810647212,8497937273256,GYRO,0.02273925848668184,0.03963465702644459,9.943521168134057e-05,0.0,7
1761810647212,8497937273256,MAG,33.87723627202786,-12.066326604435169,-18.905826136617033,0.0,7
1761810647232,8497957465582,MAG,26.13698214332924,-35.459566363034824,-12.590416715606356,0.0,7
1761810647232,8497957465582,GYRO,0.021043819179488926,-0.025246549049911218,0.0006796390061183512,0.0,7
1761810647232,8497957465582,ROT_VEC,0.16631956265884848,-0.2198574496029633,-0.7333498846189463,0.42798079621162494,7
1761810647232,8497957465582,ACC,-0.5528259797706618,11.218179110498593,4.90240915411139,0.0,7
1761810647252,8497977657909,MAG,25.525804291356614,-42.06353164725352,-6.781778420432999,0.0,7
1761810647252,8497977657909,GYRO,0.06167233688373927,0.2195174301466026,0.005683654780916899,0.0,7
1761810647252,8497977657909,ACC,-0.13564780369556792,6.844788882353697,4.080302530674183,0.0,7
1761810647252,8497977657909,ROT_VEC,0.2492762102760947,0.02032291480239975,0.47993858519645116,0.8277334959154736,7
1761810647273,8497997850235,ROT_VEC,0.30392557352461586,1.1481760443007007,-0.422189819968887,0.668648401267997,7
1761810647273,8497997850235,MAG,14.950878024888418,-45.20833857241533,-13.916625127843064,0.0,7
1761810647273,8497997850235,GYRO,-0.06388257695351278,-0.10327776788909232,0.01959899305358693,0.0,7
1761810647273,8497997850235,ACC,-0.9921766073783331,8.614928275473359,4.514081138344123,0.0,7
1761810647293,8498018042561,ROT_VEC,0.21102111269657073,-0.3152794463315609,1.1330103066526658,0.27488774790255305,7
1761810647293,8498018042561,MAG,3.7874498700734627,-30.2729532258933,-21.155706273801663,0.0,7
1761810647293,8498018042561,GYRO,-0.013908825390037759,0.013374855150086561,-0.007998269128833837,0.0,7
1761810647293,8498018042561,ACC,0.0731459961774363,8.622699745081581,3.8167353685038945,0.0,7
1761810647313,8498038234887,ROT_VEC,0.22988436506609303,0.20811802042120758,-0.8456555177839135,0.39366723263846287,7
1761810647313,8498038234887,GYRO,0.08693786826630032,0.001935794846840453,-0.025183730892227266,0.0,7
1761810647313,8498038234887,MAG,47.20794768647373,-18.622266648398522,-12.969755244219217,0.0,7
1761810647313,8498038234887,ACC,-0.08089662336582419,8.510832252797648,5.3436472603846985,0.0,7
1761810647333,8498058427214,ROT_VEC,0.12756472590765222,0.06443177975262249,0.04768679592542659,0.4264047661734413,7
1761810647333,8498058427214,GYRO,-0.001813183206252917,0.1213973603910121,0.03415123327649408,0.0,7
1761810647333,8498058427214,ACC,-0.4158031772373312,6.568613103506923,4.384003597467756,0.0,7
1761810647333,8498058427214,MAG,-3.381931853756131,-23.146493110375786,-8.183472923193564,0.0,7
1761810647353,8498078619540,MAG,23.425025743103404,-45.347936886023696,-7.495425702109079,0.0,7
1761810647353,8498078619540,GYRO,-0.018860764760611253,-0.03870624863063162,-0.0420602807608729,0.0,7
1761810647353,8498078619540,ROT_VEC,0.17063339675119754,0.812453181643348,0.04211984543319712,0.44790224454587635,7
1761810647353,8498078619540,ACC,-1.3054011859643855,9.256319538513177,5.0421991804560555,0.0,7
1761810647373,8498098811866,ROT_VEC,0.2215710949021301,-0.385636486342109,-1.7791474191458874,0.4119740302991875,7
1761810647373,8498098811866,MAG,2.1060483796673704,-39.73807646398961,-15.459447277543504,0.0,7
1761810647373,8498098811866,GYRO,0.018769318097999838,-0.083943468871373,0.023878240481563152,0.0,7
1761810647373,8498098811866,ACC,-2.0450001826760977,5.53571112355112,4.902463856328659,0.0,7
1761810647394,8498119004193,MAG,51.656720763649034,-17.21333375106289,-10.33618477904417,0.0,7
1761810647394,8498119004193,ROT_VEC,0.19763398052873285,-0.2614262660255993,0.2898438314892523,0.7673818477737371,7
1761810647394,8498119004193,ACC,-1.3441655068842104,6.361895780939815,4.296195092332427,0.0,7
1761810647394,8498119004193,GYRO,0.047727787469533434,-0.0004815217691213885,-5.981288508857818e-05,0.0,7
1761810647414,8498139196519,ACC,-1.3913066543430657,7.782026432243323,4.942795322077678,0.0,7
1761810647414,8498139196519,GYRO,0.09537882011980879,0.0764007165155202,-0.012127068312139066,0.0,7
1761810647414,8498139196519,MAG,29.71682452544705,-32.51260080087573,-24.11672611785839,0.0,7
1761810647414,8498139196519,ROT_VEC,0.2300530435978583,-0.12156518148889775,0.7284232318297239,0.3428075522106578,7
1761810647434,8498159388845,ROT_VEC,0.2854538780553335,-0.06424159963895053,0.01703580776327441,0.5997532718766858,7
1761810647434,8498159388845,GYRO,-0.028371260902117026,0.12165501188605375,0.024932522603191662,0.0,7
1761810647434,8498159388845,ACC,-0.5045617436601306,6.884707604060824,4.215020551455823,0.0,7
1761810647434,8498159388845,MAG,4.662927150210939,-23.226876245363517,-12.503802821012675,0.0,7
1761810647454,8498179581172,ACC,-1.0974622407361445,6.248585558842772,5.547711440747243,0.0,7
1761810647454,8498179581172,GYRO,-0.00462199468133573,0.014143521583974621,-0.007973287433816532,0.0,7
1761810647454,8498179581172,ROT_VEC,0.2952430175793561,0.05996590437925266,0.002800455396963766,0.367494570751942,7
1761810647454,8498179581172,MAG,8.912175532262241,-28.50145045854598,-15.29363759006511,0.0,7
1761810647474,8498199773498,GYRO,0.009216319279594534,-0.19446263497137128,0.03822718508641673,0.0,7
1761810647474,8498199773498,ACC,-0.030759984252111044,5.850454788239159,3.8529335428597746,0.0,7
1761810647474,8498199773498,ROT_VEC,0.3553511888541585,0.5066443971239105,-0.40269140874954745,0.4318803461207424,7
1761810647474,8498199773498,MAG,26.84025484287682,-25.872781750714864,-4.404655011606185,0.0,7
1761810647495,8498219965824,ROT_VEC,0.31193829049577737,-0.20335200878923043,-0.13925886996502568,0.7988252104753384,7
1761810647495,8498219965824,ACC,-1.0056293628686126,6.8449971752036385,3.829775510532151,0.0,7
1761810647495,8498219965824,GYRO,-0.06306629970322006,0.012680255167680028,0.005190533720427745,0.0,7
1761810647495,8498219965824,MAG,13.04669302838229,-34.698812193061336,-7.665145356579086,0.0,7
1761810647515,8498240158150,MAG,12.78084664290195,-21.579236973582663,-6.571424780667588,0.0,7
1761810647515,8498240158150,ROT_VEC,0.2076260006310037,-0.2791613207312036,0.6609365896534246,0.33816531124969385,7
1761810647515,8498240158150,ACC,-1.4756663351752268,5.815854387161755,6.452817669479172,0.0,7
1761810647515,8498240158150,GYRO,-0.01563883526267147,-0.13101867677183987,-0.002263530158597484,0.0,7
1761810647535,8498260350477,MAG,22.513324557071073,-39.78732473003182,-11.692072821090312,0.0,7
1761810647535,8498260350477,ROT_VEC,0.3380653320282742,0.18925444141916842,-0.24982349006469645,0.5008696877470483,7
1761810647535,8498260350477,ACC,-1.8815469479211946,8.636904859540337,5.430437636666063,0.0,7
1761810647535,8498260350477,GYRO,-0.0761261074955533,-0.11465212098805198,-0.02851346523665201,0.0,7
1761810647555,8498280542803,MAG,28.270012679922413,-16.68203407268209,-12.27951270102171,0.0,7
1761810647555,8498280542803,ROT_VEC,0.030527742529298515,0.32102456198092855,-1.3752364541635678,0.3162417902395182,7
1761810647555,8498280542803,GYRO,-0.00841083384066125,-0.2521657545707327,-0.017991446306747136,0.0,7
1761810647555,8498280542803,ACC,-1.4111816661392622,5.725921906252068,5.2475716953223275,0.0,7
1761810647575,8498300735129,ROT_VEC,0.24826511701728485,0.2346453527700122,-1.0952535508363483,0.1840963188400571,7
1761810647575,8498300735129,MAG,35.555405009328254,-39.7711734631015,-20.330487531439438,0.0,7
1761810647575,8498300735129,ACC,-1.5421045102777444,7.8615631768347,5.3180754552454825,0.0,7
1761810647575,8498300735129,GYRO,-0.016351365633633725,-0.012708534236422299,-0.03627503213705069,0.0,7
1761810647596,8498320927456,ROT_VEC,0.24231737032255932,-0.26794083174595484,-0.14090818585085207,0.7461621195902807,7
1761810647596,8498320927456,MAG,26.481613058024166,-26.025391709637894,-19.425848391966703,0.0,7
1761810647596,8498320927456,ACC,-1.8435288460714925,8.100970160560493,4.583611267092662,0.0,7
1761810647596,8498320927456,GYRO,0.0053541573823044815,-0.15109614774238211,0.008722775097376734,0.0,7
1761810647616,8498341119782,MAG,38.513742421326114,-48.93424820050058,-8.783340726443985,0.0,7
1761810647616,8498341119782,GYRO,-0.0440586165410273,-0.1673920706847812,-0.02418932294746713,0.0,7
1761810647616,8498341119782,ROT_VEC,0.1865021854816188,0.3533153979054449,0.9801949749173654,0.4246709329521691,7
1761810647616,8498341119782,ACC,-1.1931138189013848,9.278088207093967,6.461500061499434,0.0,7
1761810647636,8498361312108,MAG,-0.5416916393474924,-31.696905288141632,-25.98947873903955,0.0,7
1761810647636,8498361312108,GYRO,-0.0892959099207783,-0.006968436195148479,-0.01900463648246062,0.0,7
1761810647636,8498361312108,ACC,-0.4502867203135837,7.37006954869524,5.065971212344016,0.0,7
1761810647636,8498361312108,ROT_VEC,0.21519237915477002,-0.08869283662041022,0.1162373041370427,0.3372711055427911,7
1761810647656,8498381504435,GYRO,-0.03338953701104432,-0.25726093556162444,-0.008366531916475949,0.0,7
1761810647656,8498381504435,MAG,13.51178302689468,-5.473378254962078,-13.436103782991509,0.0,7
1761810647656,8498381504435,ACC,-2.2230377647146127,6.1297361767342275,5.270939192075233,0.0,7
1761810647656,8498381504435,ROT_VEC,0.36291517309560184,-0.23913727120195924,0.09846693080293864,0.47979033010779126,7
1761810647676,8498401696761,MAG,-2.4647916917976445,-18.43873479503009,12.084616381509091,0.0,7
1761810647676,8498401696761,GYRO,-0.10979386213190459,-0.12812737695692028,0.008212625186961238,0.0,7
1761810647676,8498401696761,ACC,-0.07522107328199491,6.514011412220019,5.286260661028354,0.0,7
1761810647676,8498401696761,ROT_VEC,0.3759667932114847,0.15097098495813316,0.005231929719643147,0.25218770841416044,7
1761810647697,8498421889087,MAG,1.0472591643434521,-25.98756370682382,-17.360946378592562,0.0,7
1761810647697,8498421889087,ACC,-0.3615818994600342,5.5814392568745275,5.214505813687314,0.0,7
1761810647697,8498421889087,GYRO,-0.05896645701028939,-0.07040250087699938,0.014219801735669842,0.0,7
1761810647697,8498421889087,ROT_VEC,0.22702018433784724,0.621287831892772,-0.32780770684112104,0.3152575517116532,7
1761810647717,8498442081413,ROT_VEC,0.19846764219183968,-0.17334683568901488,-0.5108662082712274,0.3448077206197782,7
1761810647717,8498442081413,MAG,-6.363852694468443,-37.360075110640224,6.754869396008605,0.0,7
1761810647717,8498442081413,GYRO,-0.042233661435288825,-0.07433553001844126,0.021422694808943855,0.0,7
1761810647717,8498442081413,ACC,-0.43071380157286915,8.054741935670506,4.37830676012762,0.0,7
1761810647737,8498462273740,ACC,-0.8805736724518374,6.223706538978223,3.524312973848464,0.0,7
1761810647737,8498462273740,MAG,18.620402528688537,-30.80575134965501,-6.5824896435987075,0.0,7
1761810647737,8498462273740,GYRO,-0.07418783296016852,-0.017569958631697965,0.0030941874163539548,0.0,7
1761810647737,8498462273740,ROT_VEC,0.27454670723103464,0.1302093905509035,-0.03896572137338841,0.2947035904964638,7
1761810647757,8498482466066,GYRO,0.040081934789888904,-0.09623149337656765,-0.0019278531476607831,0.0,7
1761810647757,8498482466066,ROT_VEC,0.2854326536391906,0.1356541777299234,-0.2517124808712939,0.6030489914731665,7
1761810647757,8498482466066,ACC,-1.467877640502041,8.537050235537784,5.047985685430914,0.0,7
1761810647757,8498482466066,MAG,6.924653309739325,2.411864628389447,-20.720895579938926,0.0,7
1761810647777,8498502658392,MAG,5.422020143829637,-10.429161253847596,-9.695246444680992,0.0,7
1761810647777,8498502658392,GYRO,0.003935126990141938,0.2373655617826478,0.012107597231486685,0.0,7
1761810647777,8498502658392,ROT_VEC,0.3205128786780792,-0.1351490745135666,-0.31914174448305194,0.15966873690033323,7
1761810647777,8498502658392,ACC,0.1371297410249728,8.900011917796025,6.745308835241338,0.0,7
1761810647798,8498522850719,GYRO,-0.05476767651607013,-0.0624007373041447,0.035936717116243744,0.0,7
1761810647798,8498522850719,ACC,-0.2576690544126469,9.121951871580027,6.329905288608342,0.0,7
1761810647798,8498522850719,MAG,21.792893232762594,-26.667396368065095,-10.044950599469539,0.0,7
1761810647798,8498522850719,ROT_VEC,0.17170231225904767,-0.02952977131862633,-0.014474591250208932,0.3949831357192845,7
1761810647818,8498543043045,ACC,-0.6849881107303828,6.248219232231403,3.0505381326887893,0.0,7
1761810647818,8498543043045,ROT_VEC,0.3258716766652994,0.027551270481183082,-0.9783119234709103,0.06926145114839993,7
1761810647818,8498543043045,GYRO,-0.06869971581395615,0.10294666461925507,0.010719188390604515,0.0,7
1761810647818,8498543043045,MAG,38.29642394445465,-33.20885893485915,-3.662444939609065,0.0,7
1761810647838,8498563235371,ACC,-1.5770340690483877,9.24503197116905,2.3172839204894897,0.0,7
1761810647838,8498563235371,ROT_VEC,0.20872593273109263,0.06188289023617562,0.009800799838376797,0.3665891996976881,7
1761810647838,8498563235371,GYRO,-0.004258138881192905,-0.0647164177396827,-0.018933302329380914,0.0,7
1761810647838,8498563235371,MAG,6.887418827037724,-29.668229632145106,-24.406586078337288,0.0,7
1761810647858,8498583427697,GYRO,-0.004217252474503153,0.18317282285521028,0.01416338593245767,0.0,7
1761810647858,8498583427697,ACC,-0.8077227460970688,6.044889502703956,5.5186106146052545,0.0,7
1761810647858,8498583427697,ROT_VEC,0.3518619871637731,0.4131672508104365,0.1652516977621838,0.3908572716419958,7
1761810647858,8498583427697,MAG,7.382822411466698,-18.95880697991788,-4.089087643680886,0.0,7
1761810647878,8498603620024,MAG,2.288365792366174,-49.08221546425814,-17.503627462486143,0.0,7
1761810647878,8498603620024,ROT_VEC,0.1727110627248573,0.0803413513299396,0.12826232731629905,0.37527074563410995,7
1761810647878,8498603620024,GYRO,0.004344800786113795,0.0313747382513231,0.006295875950634074,0.0,7
1761810647878,8498603620024,ACC,-0.5427776538594962,8.035000443368459,5.078952087217043,0.0,7
1761810647898,8498623812350,ROT_VEC,0.2641252216183423,-0.21512062246764177,-1.2470568787849892,0.2733440920556717,7
1761810647898,8498623812350,GYRO,-0.03420136880550261,-0.20185727363333142,0.029858139692494762,0.0,7
1761810647898,8498623812350,MAG,5.357526604719814,-22.538780107091846,0.9043766106453079,0.0,7
1761810647898,8498623812350,ACC,-1.0419233754283774,9.114900332596015,5.504928714605095,0.0,7
1761810647919,8498644004676,GYRO,-0.008549877533314156,-0.2462683751433966,-0.03427268741901441,0.0,7
1761810647919,8498644004676,MAG,40.21333888642538,-35.90752990196155,-15.202962505288312,0.0,7
1761810647919,8498644004676,ACC,-0.8152534478849371,5.607604113466935,6.2926679180889655,0.0,7
1761810647919,8498644004676,ROT_VEC,0.17299834192508068,-0.16035318465248372,-0.8538145032671741,0.3488318057090833,7
1761810647939,8498664197003,GYRO,0.01267085528492733,0.02272945205028446,0.005093343874962243,0.0,7
1761810647939,8498664197003,ROT_VEC,0.23792314300267936,0.06497432621834053,0.6491369491908189,0.36308290779644525,7
1761810647939,8498664197003,ACC,-0.7255132497661315,6.708835073695658,4.352973031618415,0.0,7
1761810647939,8498664197003,MAG,3.8219326783722063,-18.814627386106046,-14.087931529270744,0.0,7
1761810647959,8498684389329,GYRO,-0.15938022555464418,0.029625049524450286,-0.011643967666732057,0.0,7
1761810647959,8498684389329,ROT_VEC,0.2405494192015826,-0.6412108205472857,0.960720493558625,0.46682043046958904,7
1761810647959,8498684389329,MAG,40.059884323940345,-50.62258516326476,-16.747716597075385,0.0,7
1761810647959,8498684389329,ACC,-0.59538714961555,8.022169324326924,3.2699155140045724,0.0,7
1761810647979,8498704581655,MAG,26.462443676647545,-32.01780107169684,-5.92319204242684,0.0,7
1761810647979,8498704581655,ACC,-2.0950199721076195,4.476104447721868,6.161187632753211,0.0,7
1761810647979,8498704581655,GYRO,-0.03436152154869882,0.09907858949152896,0.00861020141102141,0.0,7
1761810647979,8498704581655,ROT_VEC,0.1697012803094949,-0.11415298978286822,-1.0805330982905683,0.3362732474146051,7
1761810648219,8498944378769,ACC,0.1335214112313619,-0.042360546609020826,0.051870514508115154,0.0,
1761810648219,8498944378769,MAG,0.05585323908283016,-0.06043909507618648,-0.06475353924446281,0.0,
1761810648219,8498944378769,GYRO,-0.09959517520643837,0.15810558004227906,-0.10836430142511021,0.0,
1761810648219,8498944378769,ROT_VEC,-0.08365320391635515,0.03249575572504629,0.008960393085466391,0.0,
1761810648459,8499184175882,ACC,-1.5092182178814733,8.592721484222839,4.301511866618671,0.0,1
1761810648459,8499184175882,GYRO,0.1143359133656892,-0.09419234473640911,-0.01443633775875798,0.0,1
1761810648459,8499184175882,ROT_VEC,0.13561595656019312,-0.008225923794656378,0.03141522349361643,0.5243579221519654,1
1761810648459,8499184175882,MAG,4.724258074720966,-22.584914463529234,7.029382956563046,0.0,1
1761810648479,8499204439749,ACC,-1.2955614115601637,10.878500511527367,8.583980880555618,0.0,1
1761810648479,8499204439749,GYRO,0.03602841991363469,0.33513949928755415,-0.061087947762364765,0.0,1
1761810648479,8499204439749,MAG,30.998011775041768,-30.152774363651606,-10.47358754738698,0.0,1
1761810648479,8499204439749,ROT_VEC,0.1530090296963849,-0.18954949930970527,0.39025563680301434,0.5132457336718552,1
1761810648499,8499224703616,GYRO,-0.03943395162437555,0.43477973822670724,0.056898807329367085,0.0,1
1761810648499,8499224703616,ACC,-1.8763798795368976,10.285026225685852,5.964411780444987,0.0,1
1761810648499,8499224703616,ROT_VEC,0.34541031721672355,0.2359781551892379,-0.6282010899045879,0.5902860817518745,1
1761810648499,8499224703616,MAG,31.625863893122634,-35.68121735092001,-5.63204730346676,0.0,1
1761810648520,8499244967483,ROT_VEC,0.1090060623868116,0.8485859032201487,-0.14038643675009793,0.5450644713774904,1
1761810648520,8499244967483,GYRO,-0.049538696761303985,0.42013799775804256,0.07973802921777144,0.0,1
1761810648520,8499244967483,ACC,-0.808980480128115,8.85525372274727,5.773580020431526,0.0,1
1761810648520,8499244967483,MAG,45.77103809125837,-24.938303117751087,-14.725299708654696,0.0,1
1761810648540,8499265231350,GYRO,-0.07469533498370903,0.36779239478185594,-0.044179468380412146,0.0,1
1761810648540,8499265231350,ROT_VEC,0.18133423819192984,0.2134305172873272,1.0929030158846726,0.6015073898208201,1
1761810648540,8499265231350,MAG,24.955280442464,-16.843805464930313,-3.7777708337076854,0.0,1
1761810648540,8499265231350,ACC,-2.272143953817346,6.107102454657213,6.4199221107387325,0.0,1
1761810648560,8499285495217,MAG,19.21006310974329,-18.623989448774132,-18.988005417468596,0.0,1
1761810648560,8499285495217,ACC,-1.073246767896744,3.8037828315126374,5.297617969143011,0.0,1
1761810648560,8499285495217,ROT_VEC,0.22302786317572562,0.24772170639406374,-0.2620428401651469,0.2782004428652901,1
1761810648560,8499285495217,GYRO,0.06013981215909041,0.4055732988729127,-0.039087669508037264,0.0,1
1761810648580,8499305759084,GYRO,0.12244755380781103,-0.07167368334796137,-0.06311707666404938,0.0,1
1761810648580,8499305759084,MAG,-3.0120757367177093,-28.19817822225929,-7.853985375762422,0.0,1
1761810648580,8499305759084,ACC,-1.6040221709349805,8.265950445175767,5.9314777401737375,0.0,1
1761810648580,8499305759084,ROT_VEC,0.2698868062780341,0.15883270549784523,-0.02909351879660084,0.5737872789154946,1
1761810648601,8499326022951,ACC,-1.06996784951945,12.561237200064502,4.112807696468196,0.0,1
1761810648601,8499326022951,ROT_VEC,0.43782182074964826,0.6959962662165047,-0.284224521167585,0.28002273422512863,1
1761810648601,8499326022951,GYRO,0.0580534707229023,-0.17798520416023916,-0.0014913190891201078,0.0,1
1761810648601,8499326022951,MAG,28.829844464424337,-25.97925777432778,-2.746663071040781,0.0,1
1761810648621,8499346286818,GYRO,0.15737961675030585,0.0741939908245294,-0.03198778703228489,0.0,1
1761810648621,8499346286818,ROT_VEC,0.17253261986436513,0.13094627192676808,-1.0823962521475212,0.3674735855962014,1
1761810648621,8499346286818,MAG,22.633260552743035,-1.5372986927940202,2.3051789096351083,0.0,1
1761810648621,8499346286818,ACC,-0.35007576466836743,8.355748627420976,5.325110708418859,0.0,1
1761810648641,8499366550685,GYRO,0.016309881931137332,0.14191564927384104,-0.0654107311940492,0.0,1
1761810648641,8499366550685,ACC,-0.9251665116144909,4.507733985169657,7.542630617930639,0.0,1
1761810648641,8499366550685,MAG,16.159623710029372,-31.563060464419028,-8.430676242119679,0.0,1
1761810648641,8499366550685,ROT_VEC,0.3629827285383282,0.1661857736987586,-0.1846871263126009,0.28915361792142824,1
1761810648661,8499386814552,ACC,0.7359501613492975,4.284871390206349,6.432977909382429,0.0,1
1761810648661,8499386814552,ROT_VEC,0.29445559056504833,-0.049518079857778306,-0.2680368866519348,0.4051705226926378,1
1761810648661,8499386814552,GYRO,-0.15414594883761018,-0.1347486244737454,0.010170140049767516,0.0,1
1761810648661,8499386814552,MAG,9.485079519589991,-16.525789116587553,-6.100963947381611,0.0,1
1761810648682,8499407078419,GYRO,0.08456440356672955,0.20809482425533127,-0.018914355695828933,0.0,1
1761810648682,8499407078419,ACC,-1.0934722726326922,10.510779675102368,5.89729593990151,0.0,1
1761810648682,8499407078419,MAG,28.987637678997967,-5.325743048811761,-9.240334373230555,0.0,1
1761810648682,8499407078419,ROT_VEC,0.14419972881110862,0.17753253790339474,-0.6364048091432163,0.7138510407412918,1
1761810648702,8499427342286,MAG,15.95862595796826,-7.975628554879115,-13.545059409123722,0.0,1
1761810648702,8499427342286,ROT_VEC,0.21821902987000955,0.43661941536956456,0.001439517103758725,0.4318597790344051,1
1761810648702,8499427342286,GYRO,-0.16644085228997246,0.2481525847286684,0.06539574867153458,0.0,1
1761810648702,8499427342286,ACC,-0.5252409438360652,3.947777643594082,5.52238770076688,0.0,1
1761810648722,8499447606153,MAG,7.676085975390273,-17.39680812310548,-12.789750120233116,0.0,1
1761810648722,8499447606153,ROT_VEC,0.3809247273174329,0.6416265546342731,-0.32932359432626973,0.6067660467406246,1
1761810648722,8499447606153,GYRO,-0.04180774008103186,0.0910055314995277,-0.016910488561946234,0.0,1
1761810648722,8499447606153,ACC,-2.0709502194717224,8.611646750327589,5.813298697617774,0.0,1
1761810648743,8499467870020,ROT_VEC,0.28076635052520044,0.6631095754383564,0.6829514197765547,0.48269523866094527,1
1761810648743,8499467870020,MAG,24.999236169613166,-48.43488252876353,-7.517835262334997,0.0,1
1761810648743,8499467870020,ACC,-0.4832656695103724,8.03237240933157,7.437331474678438,0.0,1
1761810648743,8499467870020,GYRO,0.04276783192218378,-0.0574651802118099,-0.04878060929734586,0.0,1
1761810648763,8499488133887,GYRO,-0.0026795085122726346,-0.14881940973484123,-0.06355385223169045,0.0,1
1761810648763,8499488133887,ROT_VEC,0.13703723771081625,0.4919554770654002,0.7131141257305835,0.024717176224565714,1
1761810648763,8499488133887,MAG,32.92819807581728,-34.23465175571688,-10.438129053744843,0.0,1
1761810648763,8499488133887,ACC,0.32310898344435945,2.9367528111105234,6.8454612249933895,0.0,1
1761810648783,8499508397754,GYRO,0.0902388020720673,0.20899039768892091,-0.039138778158524686,0.0,1
1761810648783,8499508397754,ROT_VEC,0.07761783843797725,0.5034703462516731,-0.8636839761122601,0.6845740618553678,1
1761810648783,8499508397754,MAG,-14.028200403746684,-27.855195600199522,3.0514819275784486,0.0,1
1761810648783,8499508397754,ACC,-0.6828873736385764,6.857013291443352,5.891857359090933,0.0,1
1761810648803,8499528661621,MAG,9.884717487928286,-28.395267863553677,-9.033677500058982,0.0,1
1761810648803,8499528661621,ACC,0.6203196031400255,3.354778475666335,2.79403444438236,0.0,1
1761810648803,8499528661621,ROT_VEC,0.2364670535336344,-0.0656460886048578,0.394374673576862,0.4857255386022288,1
1761810648803,8499528661621,GYRO,0.09943630035388017,-0.39324596381985133,-0.012609966694383428,0.0,1
1761810648824,8499548925488,ACC,-0.6994354536088524,9.619135424935644,2.662355846703297,0.0,1
1761810648824,8499548925488,MAG,-12.662202522880213,-40.16873434071402,-7.1572013658132105,0.0,1
1761810648824,8499548925488,ROT_VEC,0.2163238563437649,-0.6037457796560648,0.5344862413322399,0.5470489437012774,1
1761810648824,8499548925488,GYRO,-0.1141355201931149,0.09907126996565069,-0.006133511069096273,0.0,1
1761810648844,8499569189355,GYRO,-0.009359499553927416,0.033634355014124456,0.017340015113514275,0.0,1
1761810648844,8499569189355,ROT_VEC,0.2039143308044228,-0.030335405372102844,0.30082434803177044,0.33931705508664844,1
1761810648844,8499569189355,ACC,-2.3570521647386524,10.134925493365598,5.164400634693252,0.0,1
1761810648844,8499569189355,MAG,19.39092645026342,-23.806569113576927,-1.8604819099803531,0.0,1
1761810648864,8499589453222,MAG,-1.2575518999700788,-31.879596048319836,-12.389804289866662,0.0,1
1761810648864,8499589453222,GYRO,0.026948534379618794,-0.1877631478785658,-0.02991019137097908,0.0,1
1761810648864,8499589453222,ROT_VEC,0.14749808179975377,0.1873107459472736,0.7668581015930377,0.23574885566335876,1
1761810648864,8499589453222,ACC,-0.7716971850572176,8.289972672716694,5.824464185822914,0.0,1
1761810648884,8499609717089,MAG,-2.3653139293105965,-9.076474294007562,-11.314210532211787,0.0,1
1761810648884,8499609717089,ROT_VEC,0.1436242092418639,-0.02220686932847216,0.9004622132271016,0.3844096819460231,1
1761810648884,8499609717089,ACC,-0.5549567457371828,8.673844648784662,7.167264779552833,0.0,1
1761810648884,8499609717089,GYRO,-0.13154502341328114,0.1279652691316299,0.004452759168663275,0.0,1
1761810648905,8499629980956,MAG,10.710838738994871,-52.813270458410486,-15.825049649360366,0.0,1
1761810648905,8499629980956,GYRO,-0.24102589057149754,-0.09763872690455838,-0.1347108855125485,0.0,1
1761810648905,8499629980956,ROT_VEC,0.17806427477580222,0.5000254901398488,-0.46628409828485784,0.4461261386968947,1
1761810648905,8499629980956,ACC,-1.72009770813788,7.298075177363334,4.611985621458446,0.0,1
1761810648925,8499650244823,ACC,-0.5439197160171183,6.697229401036764,7.36402940939493,0.0,1
1761810648925,8499650244823,ROT_VEC,0.3249460056239635,0.7410525260646836,1.3806409141289164,0.18114471994522993,1
1761810648925,8499650244823,GYRO,-0.07340615011248743,-0.19397341460430928,-0.08449858535263098,0.0,1
1761810648925,8499650244823,MAG,53.91188864886495,-25.07543651593089,-4.406223229728676,0.0,1
1761810648945,8499670508690,MAG,26.773117690508503,-27.195307932757498,-23.42473987649909,0.0,1
1761810648945,8499670508690,ACC,-1.9957337545129363,6.5223667280632265,4.152990089295084,0.0,1
1761810648945,8499670508690,ROT_VEC,0.21631208087285003,-0.1837368556960871,0.612741754694689,0.4077967615700505,1
1761810648945,8499670508690,GYRO,-0.037527787859547815,-0.17368101878032072,-0.09517440658563289,0.0,1
1761810648965,8499690772557,ACC,-2.7875449593692956,7.848684448518119,4.973544803130954,0.0,1
1761810648965,8499690772557,ROT_VEC,0.09806544031455708,-0.38798743350585374,-0.5214066015490976,0.2343402572519048,1
1761810648965,8499690772557,GYRO,0.0022839763091190082,0.2129571411806323,-0.019527388711202357,0.0,1
1761810648965,8499690772557,MAG,41.774526243240594,-12.367840682760592,-23.191333755753504,0.0,1
1761810648986,8499711036424,GYRO,0.046417921934121795,0.1544638726851357,0.05665734478091215,0.0,1
1761810648986,8499711036424,ROT_VEC,0.27656185329637906,-0.6205143778671234,0.329226325978624,0.6768469244946453,1
1761810648986,8499711036424,MAG,44.7581722534067,-31.295661135487105,-7.083041586588363,0.0,1
1761810648986,8499711036424,ACC,-0.4207710665987993,3.9588755328850938,6.681272805379255,0.0,1
1761810649006,8499731300291,GYRO,0.09583152427292535,0.3516620664132769,0.08212168177291818,0.0,1
1761810649006,8499731300291,MAG,21.76581405283698,-21.430483179707203,-6.884821431213085,0.0,1
1761810649006,8499731300291,ACC,-1.4628865445868762,11.105960423409973,7.238953020981032,0.0,1
1761810649006,8499731300291,ROT_VEC,0.29078443558132355,-0.12493124886939103,-0.01694236504485981,0.3820598802888041,1
1761810649026,8499751564158,GYRO,0.006233583715227017,0.2028757883302587,0.009034496322463734,0.0,1
1761810649026,8499751564158,MAG,8.228141836161173,-44.82806122501907,-22.312958474626793,0.0,1
1761810649026,8499751564158,ACC,-0.07424944135878225,8.99358907981811,5.746996856144811,0.0,1
1761810649026,8499751564158,ROT_VEC,0.12684494689385667,0.09854410489837688,-0.20418144968987878,0.4294373669682702,1
1761810649047,8499771828025,ROT_VEC,0.21219732035526592,0.2185467411471687,0.587580734151136,0.8249552443625424,1
1761810649047,8499771828025,MAG,4.716333921384463,-38.49768872588659,-14.579003381242252,0.0,1
1761810649047,8499771828025,GYRO,-0.06392313356458577,-0.46928682977751085,-0.06319661928663013,0.0,1
1761810649047,8499771828025,ACC,-2.5163218913230057,7.716839993581121,7.0447898797753155,0.0,1
1761810649067,8499792091892,ACC,-0.1261695611370284,8.427836038071414,5.358808694420729,0.0,1
1761810649067,8499792091892,ROT_VEC,0.3595318897148535,0.11936478360728921,-0.25985965890222607,0.4375668931467676,1
1761810649067,8499792091892,MAG,5.645034164638577,-27.006177104073522,-12.82096885204308,0.0,1
1761810649067,8499792091892,GYRO,-0.07474075811776551,-0.18615871963725486,-0.05005538760294978,0.0,1
1761810649087,8499812355759,ACC,-1.550957097060313,7.735553795313512,7.117358570608079,0.0,1
1761810649087,8499812355759,MAG,34.6846383664923,-3.4109533833578474,-10.507545527296465,0.0,1
1761810649087,8499812355759,GYRO,-0.11408812522304657,-0.14021426186340508,-0.053880447052619886,0.0,1
1761810649087,8499812355759,ROT_VEC,0.29229590154431195,0.15118301538104253,-0.015873379534621194,0.4849314503627097,1
1761810649107,8499832619626,ROT_VEC,0.2978326049580175,0.21683172361247596,-0.9961047908571529,0.32643858943872023,1
1761810649107,8499832619626,GYRO,0.03360851558244531,-0.08747085223178307,0.016754217583199112,0.0,1
1761810649107,8499832619626,ACC,1.0475675510426312,8.041629622680073,8.067162838076616,0.0,1
1761810649107,8499832619626,MAG,5.2195350235706,-9.980294306346313,-4.8981633797449815,0.0,1
1761810649128,8499852883493,ROT_VEC,0.20823782838242189,0.023063294857339295,-0.43627314630899294,0.3133495712020669,1
1761810649128,8499852883493,MAG,36.183637200125226,-7.273080160824341,-6.0677120183063185,0.0,1
1761810649128,8499852883493,ACC,-3.999940454687967,7.344821539103118,5.648154956937545,0.0,1
1761810649128,8499852883493,GYRO,-0.12838602880249422,0.0806629058651518,0.1453519316863673,0.0,1
1761810649148,8499873147360,MAG,4.299902319106939,-27.252000628441746,-5.630069499789353,0.0,1
1761810649148,8499873147360,GYRO,-0.03466784350139768,-0.0714461517356171,-0.000246683105749379,0.0,1
1761810649148,8499873147360,ROT_VEC,0.3262836795565441,0.49989425826256356,0.9170046895670213,0.6373733806495208,1
1761810649148,8499873147360,ACC,1.079174180311144,6.593878181269369,6.748556527112257,0.0,1
1761810649168,8499893411227,MAG,26.008219426296144,-30.650011830711026,-14.10038469939023,0.0,1
1761810649168,8499893411227,GYRO,0.17436859591567067,-0.08304934300471664,0.06182418307367739,0.0,1
1761810649168,8499893411227,ROT_VEC,0.30906847425663575,0.5077220095352379,-0.2768439866920026,0.6947571633089886,1
1761810649168,8499893411227,ACC,0.2223467618579233,6.558711808842115,6.294126731952987,0.0,1
1761810649188,8499913675094,MAG,-2.7952693466710397,-6.674202921062199,-12.37769261933237,0.0,1
1761810649188,8499913675094,ACC,-0.789250454446695,5.551066421675942,5.727730439417584,0.0,1
1761810649188,8499913675094,GYRO,0.044157211391271295,0.23731493222993405,-0.05684511087309516,0.0,1
1761810649188,8499913675094,ROT_VEC,0.3124037814383988,0.4337541562442574,0.0774035295474155,0.41288076418851427,1
1761810649209,8499933938961,ACC,-1.9171979156621117,9.485054280991514,4.843928196110978,0.0,1
1761810649209,8499933938961,GYRO,-0.019241642445235865,0.16158474018045565,0.04061363679574508,0.0,1
1761810649209,8499933938961,ROT_VEC,0.21479341854203005,-0.6745033657502569,-0.39869385974955096,0.7015521093991188,1
1761810649209,8499933938961,MAG,-16.945298673679755,-18.589503833619847,-20.747975077722252,0.0,1
1761810649229,8499954202828,GYRO,0.03453955041066898,0.0003402914220484027,-0.07895842869640203,0.0,1
1761810649229,8499954202828,ROT_VEC,0.203868086076958,-0.2054894423746739,0.4857672123226239,0.4988418439441112,1
1761810649229,8499954202828,ACC,-0.9329566957696196,9.471791036630648,4.8608204407903655,0.0,1
1761810649229,8499954202828,MAG,-6.775682837880017,-30.75148018901558,-3.8813952100481153,0.0,1
1761810649249,8499974466694,ACC,1.1806905508293415,8.391738329269199,6.245239997210139,0.0,1
1761810649249,8499974466694,MAG,-0.8097443965409608,-28.236309500568666,7.742535717542223,0.0,1
1761810649249,8499974466694,GYRO,-0.15500430276292215,0.08999853316292962,-0.036618217783099996,0.0,1
1761810649249,8499974466694,ROT_VEC,0.26665397338332253,0.6682652876763167,0.6988652300847649,0.4634194739275148,1
1761810649269,8499994730561,ROT_VEC,0.4605822559958639,-0.2674195531214366,1.1133632586627944,0.004420695390682086,1
1761810649269,8499994730561,MAG,0.6330499402824437,-42.21488349125633,-12.157425239914671,0.0,1
1761810649269,8499994730561,GYRO,0.006296541999099046,-0.014684700399540493,-0.06208240057471969,0.0,1
1761810649269,8499994730561,ACC,-2.2295423476040854,6.995796164800185,4.619872518373853,0.0,1
1761810649290,8500014994428,ROT_VEC,0.20140594023137312,0.09011033793501957,0.08348192525282266,0.5519512347342017,1
1761810649290,8500014994428,ACC,-3.526507596030981,10.33721006066597,3.8070775162686803,0.0,1
1761810649290,8500014994428,GYRO,0.06465679217169466,0.030207712767754698,-0.11747822205113062,0.0,1
1761810649290,8500014994428,MAG,21.317693223145998,-12.233472241508494,-0.607159715409904,0.0,1
1761810649310,8500035258295,ROT_VEC,0.40540291785685667,0.0661582485078625,0.4472855511105377,0.853144283618955,1
1761810649310,8500035258295,GYRO,0.16482289289658505,0.3552952138711206,-0.04140420220565793,0.0,1
1761810649310,8500035258295,ACC,-1.121581297978899,6.480156296508627,5.766044528712464,0.0,1
1761810649310,8500035258295,MAG,17.563659404672492,-20.325626912987545,-18.549856988265578,0.0,1
1761810649330,8500055522162,GYRO,0.04316003931850992,0.04692907302382862,-0.005463365198896748,0.0,1
1761810649330,8500055522162,ACC,-0.9505676977614688,6.617688755782707,5.744398851089746,0.0,1
1761810649330,8500055522162,MAG,36.8273445430175,-27.16129892122536,-7.2352182692749025,0.0,1
1761810649330,8500055522162,ROT_VEC,0.34359188986288747,-0.02093858271662879,0.43013111640076923,0.49420437621313945,1
1761810649350,8500075786029,GYRO,0.048324166642830825,0.4746496124210234,0.05245142158043556,0.0,1
1761810649350,8500075786029,ROT_VEC,0.26498824328120213,-0.01475450305941646,-0.4952802227274677,0.47867008380184245,1
1761810649350,8500075786029,ACC,0.5223965728009483,10.081776613287051,6.166930698341607,0.0,1
1761810649350,8500075786029,MAG,26.87136185203582,-17.27460108050508,-1.9937718957830424,0.0,1
1761810649371,8500096049896,GYRO,0.12331121573644048,0.38518581622340764,0.009596288879998431,0.0,1
1761810649371,8500096049896,ROT_VEC,0.07042411150758306,0.18100205875734374,0.30886805405598905,0.39200829883440463,1
1761810649371,8500096049896,MAG,16.732840143157993,-44.622159847408284,-4.57705066317659,0.0,1
1761810649371,8500096049896,ACC,-0.6670968259866669,6.834437160902576,6.937078750415256,0.0,1
1761810649391,8500116313763,ACC,0.8861954102204785,5.564922647900101,5.142276453112905,0.0,1
1761810649391,8500116313763,MAG,8.939052534431628,-26.657650592670134,-10.361606291352762,0.0,1
1761810649391,8500116313763,ROT_VEC,0.1347033320289247,-0.1792098670216725,-0.06931410561118899,0.23949804739710612,1
1761810649391,8500116313763,GYRO,-0.07211446240340087,0.5477487909649101,0.050422489106826514,0.0,1
1761810649411,8500136577630,ACC,-1.3074997737152603,9.066556056000264,5.616971426482751,0.0,1
1761810649411,8500136577630,GYRO,0.002922580463332384,0.052566239666518286,0.04551781447175859,0.0,1
1761810649411,8500136577630,MAG,20.805869314127804,-2.7360801865698434,-20.064904372492162,0.0,1
1761810649411,8500136577630,ROT_VEC,0.1396230929299271,-0.13850365131234038,-0.049822392291337475,0.2189603074917194,1
1761810649432,8500156841497,ACC,-2.3793162224374695,2.764502449811335,4.140504226639281,0.0,1
1761810649432,8500156841497,ROT_VEC,0.255067010724103,-0.28414904570077415,-0.9630394529650349,0.3283697435395287,1
1761810649432,8500156841497,MAG,24.40650765583552,-33.62339104778587,-7.0434396693755215,0.0,1
1761810649432,8500156841497,GYRO,0.05148973173032911,0.20746246277009814,0.04281399338468996,0.0,1
1761810649452,8500177105364,ROT_VEC,0.1903019974173811,0.7390339089364408,0.3958965694930493,0.506996673003353,1
1761810649452,8500177105364,ACC,-0.9459566403502484,8.363383732020456,4.9972351734723155,0.0,1
1761810649452,8500177105364,MAG,2.543123893556472,-7.455419168034828,-6.921856519251343,0.0,1
1761810649452,8500177105364,GYRO,0.019287362714936904,0.1802003821481746,0.06428229411742903,0.0,1
1761810649472,8500197369231,MAG,16.371405125837086,-34.391412330569324,-18.576705363665877,0.0,1
1761810649472,8500197369231,ACC,-0.7522828254435322,5.9748993710030245,5.791624571319368,0.0,1
1761810649472,8500197369231,GYRO,0.07191644170173211,0.32368207427323814,-0.04184195343883671,0.0,1
1761810649472,8500197369231,ROT_VEC,0.3059110322688691,-0.49437712839427306,-0.2035849686422363,0.0659443285809703,1
1761810649492,8500217633098,GYRO,0.15194695474334927,0.1994920863486791,-0.015051082507595704,0.0,1
1761810649492,8500217633098,ROT_VEC,0.20610302806580227,-0.042164233686025315,0.06000931380578306,0.5613564956551441,1
1761810649492,8500217633098,ACC,-0.7511335706518221,6.816811020903999,6.598963010367358,0.0,1
1761810649492,8500217633098,MAG,16.844698803298833,-15.869968740859775,-2.5793076678895877,0.0,1
1761810649513,8500237896965,ACC,0.22696859661704055,6.178197408156911,4.047958253917795,0.0,1
1761810649513,8500237896965,MAG,25.44852851751561,-22.59225578473539,-6.788334589174336,0.0,1
1761810649513,8500237896965,GYRO,0.1223153699143125,0.4630604937485668,-0.020084609184090683,0.0,1
1761810649513,8500237896965,ROT_VEC,0.2781071894364013,-0.3071551956144265,-0.21484149149215662,0.11414327653065964,1
1761810649533,8500258160832,ROT_VEC,0.32795340662207123,0.6778616517710125,-0.22699946318539876,0.4283592854504881,1
1761810649533,8500258160832,GYRO,0.007262954047276185,0.2751379161702034,-0.0956378144138277,0.0,1
1761810649533,8500258160832,ACC,-2.0821654230865687,6.38345173307315,4.473184132539287,0.0,1
1761810649533,8500258160832,MAG,38.8231193863324,-2.2808440135833665,-23.783951679622916,0.0,1
1761810649553,8500278424699,MAG,15.865808055451627,-30.18269038493366,-12.685374928072765,0.0,1
1761810649553,8500278424699,ACC,-1.4060085768094719,11.005887997211108,5.076791529808555,0.0,1
1761810649553,8500278424699,GYRO,-0.17929640565497648,0.2253184968901078,-0.07705426665196713,0.0,1
1761810649553,8500278424699,ROT_VEC,0.20574490614540522,-0.3737904401143349,-0.016173138143004903,0.3852779231673923,1
1761810649573,8500298688566,MAG,-11.223537520151108,-9.980254022685815,-16.35591461902191,0.0,1
1761810649573,8500298688566,ACC,1.2277712128589287,5.642472642618314,5.435232616724701,0.0,1
1761810649573,8500298688566,GYRO,-0.013129605803694152,0.1402308101734156,0.04320016465092279,0.0,1
1761810649573,8500298688566,ROT_VEC,0.34701731340428077,0.375480180745592,-0.012293268414382497,0.6585331087420788,1
1761810649594,8500318952433,MAG,26.536349414082885,-12.691107430291861,-8.639755528310934,0.0,1
1761810649594,8500318952433,GYRO,0.012435958761280164,0.023412805998718637,-0.14479895409511284,0.0,1
1761810649594,8500318952433,ACC,-2.321450940532494,7.885663742588075,5.930324548514359,0.0,1
1761810649594,8500318952433,ROT_VEC,0.2892426956653478,0.13531265933957953,-0.28681363408970356,0.35792371546111373,1
1761810649614,8500339216300,ACC,-2.621510201734238,6.29449708687951,4.835485449973371,0.0,1
1761810649614,8500339216300,MAG,44.59352192333987,-15.870883198826121,-17.33521632185257,0.0,1
1761810649614,8500339216300,ROT_VEC,0.11372903689399178,0.005795856209475869,-0.5143871818362971,0.7227271515719876,1
1761810649614,8500339216300,GYRO,-0.18827000015071454,-0.1426522803321232,-0.007807171883748474,0.0,1
1761810649634,8500359480167,MAG,18.350087949345856,-22.912122168812836,-13.567363476902573,0.0,1
1761810649634,8500359480167,ACC,-0.7532155915243378,6.247975735748262,4.072639124833612,0.0,1
1761810649634,8500359480167,GYRO,0.15673402954003807,-0.020238148716428123,-0.12293896558625222,0.0,1
1761810649634,8500359480167,ROT_VEC,0.3018407468588219,-0.10446343072097941,0.8910969026519118,0.42484054182427344,1
1761810649654,8500379744034,MAG,41.80776520456201,-2.91766101500024,2.879163181965605,0.0,1
1761810649654,8500379744034,GYRO,-0.018076188446932664,0.1653216813252813,-0.03895925703944296,0.0,1
1761810649654,8500379744034,ACC,-0.23362960933601107,8.254033673883562,4.993443927872767,0.0,1
1761810649654,8500379744034,ROT_VEC,0.18528462273407917,0.05648861155765489,0.47228652650959135,0.5089343772783981,1
1761810649675,8500400007901,MAG,16.985529575462486,-14.025482114786419,-7.113952095846374,0.0,1
1761810649675,8500400007901,GYRO,0.07495135323327559,0.09842563378421254,-0.05995836338628284,0.0,1
1761810649675,8500400007901,ACC,-1.9013320629052652,8.182018947924162,8.055050981478557,0.0,1
1761810649675,8500400007901,ROT_VEC,0.21893806969543575,0.2177622954800017,0.5843772626607981,0.27088130375006403,1
1761810649695,8500420271768,MAG,-5.783243206927978,-31.81399087445369,-20.674493991807182,0.0,1
1761810649695,8500420271768,ACC,-0.9968684717288958,7.609341142038598,4.319376684372185,0.0,1
1761810649695,8500420271768,GYRO,-0.026828695247974627,-0.28650344155246543,-0.050141395546650314,0.0,1
1761810649695,8500420271768,ROT_VEC,0.3572767619973759,0.42762253353841706,-1.0739018963630504,0.33780168062276533,1
1761810649715,8500440535635,ACC,1.7070529487459334,8.784601949304225,6.702836048031867,0.0,1
1761810649715,8500440535635,MAG,29.79382884635714,-46.04585477744872,-14.185479568649622,0.0,1
1761810649715,8500440535635,ROT_VEC,0.20806450466506854,0.4634419368759156,-0.053431507059050073,0.45491575304291665,1
1761810649715,8500440535635,GYRO,-0.01800664819079944,0.35191501360491884,0.015246895438837997,0.0,1
1761810649735,8500460799502,ROT_VEC,0.27901285545114646,-0.27933931820553853,0.6491439715448399,0.23771740731025548,1
1761810649735,8500460799502,GYRO,0.03163039265540273,0.3281225270547782,-0.08866473322904297,0.0,1
1761810649735,8500460799502,ACC,-2.670262090497353,8.506899537257093,5.848261200004136,0.0,1
1761810649735,8500460799502,MAG,25.065803515633544,-40.02433217336376,-12.705501115351607,0.0,1
1761810649756,8500481063369,GYRO,0.013590173197562783,-0.21659995132688326,0.013350331705581912,0.0,1
1761810649756,8500481063369,MAG,21.355435979260683,-34.97068143442582,-8.875761247850544,0.0,1
1761810649756,8500481063369,ACC,-4.034631197609285,9.950973105555102,4.38176416929081,0.0,1
1761810649756,8500481063369,ROT_VEC,0.03916917662514968,0.10922139798889866,-0.8824119396108496,0.40831122662057423,1
1761810649776,8500501327236,ACC,0.25851622687365994,7.291602570403414,4.4562185762451545,0.0,1
1761810649776,8500501327236,ROT_VEC,0.27956201152900134,0.07986097204952736,0.7259301030604821,0.7355214027646223,1
1761810649776,8500501327236,MAG,44.208927830690335,-29.046288135931043,-14.050660374813736,0.0,1
1761810649776,8500501327236,GYRO,0.027128942866815903,-0.23596983139836075,0.01591111473383167,0.0,1
1761810649796,8500521591103,ROT_VEC,0.13328459564212228,-0.3280720716067253,-1.1753214891947017,0.37616046382934687,1
1761810649796,8500521591103,ACC,-0.6869045308888188,8.191581004768667,7.488359790365734,0.0,1
1761810649796,8500521591103,MAG,21.79614624974585,-19.231026014194743,5.539599364800431,0.0,1
1761810649796,8500521591103,GYRO,-0.06604453172310067,0.19708432970371553,-0.08264867415409873,0.0,1
1761810649817,8500541854970,ROT_VEC,0.13107881918581124,0.3323522126350882,-0.06474286533406517,0.2537926221604287,1
1761810649817,8500541854970,ACC,0.4544700372038576,6.25505601028998,6.247490628532727,0.0,1
1761810649817,8500541854970,GYRO,-0.12085993012017858,-0.44830736189515447,-0.11508653439140333,0.0,1
1761810649817,8500541854970,MAG,9.131622897225897,-40.253957947879854,-15.057163826380128,0.0,1
1761810649837,8500562118837,ACC,0.3687523470519697,7.617598567260358,5.268947845850499,0.0,1
1761810649837,8500562118837,ROT_VEC,0.16025225819059255,0.13034967423871366,0.019769036169754048,0.222569309071385,1
1761810649837,8500562118837,MAG,6.184343627195627,-20.10811155668173,-14.783462717826437,0.0,1
1761810649837,8500562118837,GYRO,0.012941484127759362,0.18070564254800545,0.017522056955834003,0.0,1
1761810649857,8500582382704,ROT_VEC,0.20118211700760286,-0.4995952331303609,0.08579338416367739,0.41111959206797716,1
1761810649857,8500582382704,ACC,-1.2951356423065656,7.063804222874373,6.495769297027369,0.0,1
1761810649857,8500582382704,MAG,-25.74825554970676,-38.13265579240847,-7.123996202149964,0.0,1
1761810649857,8500582382704,GYRO,-0.028178816888191904,-0.006134127366335347,-0.030634799675975523,0.0,1
1761810649877,8500602646571,ROT_VEC,0.33512967336412397,-0.3862788301045609,0.12771738319622952,0.21343310507885657,1
1761810649877,8500602646571,ACC,1.4973686189739672,8.9513554561489,7.323641728272023,0.0,1
1761810649877,8500602646571,MAG,-7.133251461926062,-24.574487354525054,-16.602492927958224,0.0,1
1761810649877,8500602646571,GYRO,-0.1457173044408184,0.2454821884354093,-0.003636477361700575,0.0,1
1761810649898,8500622910438,GYRO,-0.07296615009601527,0.2780907099617673,-0.002095856701555881,0.0,1
1761810649898,8500622910438,ROT_VEC,0.19842051087476248,-0.2600084669525644,-1.0052437325825458,0.4896341021565931,1
1761810649898,8500622910438,MAG,31.42323730539751,-4.122257581731495,-3.755634834964111,0.0,1
1761810649898,8500622910438,ACC,-1.082365112461296,9.037852037462207,6.760772866463676,0.0,1
1761810649918,8500643174305,GYRO,0.07245186963304581,-0.029145870183692225,0.006793134666451603,0.0,1
1761810649918,8500643174305,MAG,26.492172396165074,-73.1410524768642,-5.134883122122662,0.0,1
1761810649918,8500643174305,ACC,-1.4011654006673662,10.679736958703861,4.945609758627831,0.0,1
1761810649918,8500643174305,ROT_VEC,0.13072001712821307,0.19801620360951078,0.6158868744231686,0.42051365784414846,1
1761810649938,8500663438172,ROT_VEC,0.25072781729478666,0.4783084877139712,0.6726747126517582,0.46615664617499686,1
1761810649938,8500663438172,GYRO,-0.04460121274236599,0.6282192978334257,-0.046491130967132886,0.0,1
1761810649938,8500663438172,MAG,-2.2571472003106083,3.5717220469032047,1.0133265839150627,0.0,1
1761810649938,8500663438172,ACC,0.9226787435752095,8.584659113200416,7.458598231208882,0.0,1
1761810649958,8500683702039,ROT_VEC,0.1806680118443168,0.39942679352155014,0.538871116463759,0.5831991352831528,1
1761810649958,8500683702039,ACC,-0.3170881910329852,7.664267529651151,6.451851222499256,0.0,1
1761810649958,8500683702039,MAG,41.99602954564485,-22.546305198099923,-14.770788414695575,0.0,1
1761810649958,8500683702039,GYRO,0.039819128156528785,0.08858755834584194,-0.08251478131303688,0.0,1
1761810649979,8500703965906,MAG,7.481038468838195,-22.6734518161979,-11.687176011265665,0.0,1
1761810649979,8500703965906,GYRO,-0.055080141776306865,0.18853867548685563,-0.021058434094286052,0.0,1
1761810649979,8500703965906,ROT_VEC,0.40170979994158446,-0.3219695122061656,-0.6115531928188607,0.6744628851268804,1
1761810649979,8500703965906,ACC,-3.225483568029423,8.884595801256605,1.4214607384440392,0.0,1
1761810649999,8500724229773,GYRO,-0.0023289505246318672,-0.07363929471955452,0.08448717060569588,0.0,1
1761810649999,8500724229773,MAG,20.863022803893582,-36.413005151397556,-6.217116040920743,0.0,1
1761810649999,8500724229773,ROT_VEC,0.11618322633545167,-0.1531118337675602,-0.08009894213995311,0.8932642463210109,1
1761810649999,8500724229773,ACC,-3.083716859420472,5.396446448597699,4.0610913092719265,0.0,1
1761810650019,8500744493640,GYRO,0.12188409839737051,0.39060606650635804,0.06440455755348068,0.0,1
1761810650019,8500744493640,MAG,9.336208995705078,-36.59980769603801,-9.09871032966956,0.0,1
1761810650019,8500744493640,ACC,-0.5003722344363593,8.833985266058361,3.8994751589063537,0.0,1
1761810650019,8500744493640,ROT_VEC,0.3111877990070452,0.6694221074826051,0.46315273934894413,0.6785860443546772,1
1761810650039,8500764757507,MAG,6.214942606077959,-12.1650506992507,-0.32212031911507694,0.0,1
1761810650039,8500764757507,ROT_VEC,0.15247985865335653,0.09115966334815818,-0.24212718078225326,0.7340074852679835,1
1761810650039,8500764757507,GYRO,0.007948230756893174,0.28588082191415665,0.03178600423432165,0.0,1
1761810650039,8500764757507,ACC,-1.018478894961389,8.950123839297003,4.189351623614963,0.0,1
1761810650060,8500785021374,ROT_VEC,0.2524085090843028,0.41454233605842467,-0.4707931536036004,0.3370672575355268,1
1761810650060,8500785021374,GYRO,-0.013851831146695987,0.04187343607665143,-0.018074180739040088,0.0,1
1761810650060,8500785021374,MAG,3.5443282230300497,-35.63374165243141,-3.107905760759501,0.0,1
1761810650060,8500785021374,ACC,-0.4818272847847753,8.170842207027267,6.450303784794266,0.0,1
1761810650080,8500805285241,ROT_VEC,0.1465824291495843,0.1407448328517083,0.45454630643936944,0.6697975927918259,1
1761810650080,8500805285241,MAG,21.823881466809876,-24.725480914626903,-10.210016238646855,0.0,1
1761810650080,8500805285241,ACC,0.002290583497808668,4.803575089977748,7.178171133734193,0.0,1
1761810650080,8500805285241,GYRO,0.08083372356112237,0.4411886502327747,-0.16896129626678855,0.0,1
1761810650100,8500825549108,MAG,27.715628143727834,-18.065853144678854,5.293104825409788,0.0,1
1761810650100,8500825549108,ACC,-0.4048401510155213,1.7702615326250202,2.29136257672887,0.0,1
1761810650100,8500825549108,GYRO,0.014977109703642438,-0.03289133263012276,0.06763437325923834,0.0,1
1761810650100,8500825549108,ROT_VEC,0.21315808799897018,0.18210682961249566,-0.2642273682683356,0.41769872765646193,1
1761810650120,8500845812975,GYRO,0.045806211273203765,0.37154849514838423,-0.017175079909373725,0.0,1
1761810650120,8500845812975,ROT_VEC,0.07944573610265762,0.5021452120872472,0.037975379739105274,0.5513473202257305,1
1761810650120,8500845812975,MAG,-17.663811711808915,-6.086546690111452,-10.031859573786578,0.0,1
1761810650120,8500845812975,ACC,-0.3293074699303495,4.994121487784761,7.423954025590046,0.0,1
1761810650141,8500866076842,ROT_VEC,0.36898105883940335,0.2373358926277246,0.17084573172665088,0.5894451213753347,1
1761810650141,8500866076842,MAG,-5.482567052279494,-16.507228551360154,-9.165063171286457,0.0,1
1761810650141,8500866076842,GYRO,0.2057075003631725,0.3172488588369889,0.05934133421235744,0.0,1
1761810650141,8500866076842,ACC,-1.6812655933430138,7.89598755335546,5.6631617273622314,0.0,1
1761810650161,8500886340709,ACC,-1.7265897872763507,5.792721284897269,5.386779934078471,0.0,1
1761810650161,8500886340709,MAG,11.766246826631985,-58.11923327898785,-0.6057753626485842,0.0,1
1761810650161,8500886340709,ROT_VEC,0.3325885885802174,-0.1191138679267379,-0.21954786105516616,0.4658443110605584,1
1761810650161,8500886340709,GYRO,0.029263597898787318,0.020281090051358676,0.09543767635691586,0.0,1
1761810650181,8500906604576,MAG,-2.053617576031991,-3.53160595255426,-1.0451978267505824,0.0,1
1761810650181,8500906604576,ACC,-1.0180822073984934,6.2941442707000625,7.6210328418737365,0.0,1
1761810650181,8500906604576,ROT_VEC,0.259872893708294,0.341620763787636,0.2823971758158842,0.5416900408468381,1
1761810650181,8500906604576,GYRO,-0.1141857568848266,0.16683312398043892,0.010264663604190724,0.0,1
1761810650202,8500926868443,ROT_VEC,0.1625013418433477,1.2375100672264845,-0.5796491511030297,0.5741032836402435,1
1761810650202,8500926868443,MAG,-12.009377383038622,-7.382050217385949,-5.1791173012277785,0.0,1
1761810650202,8500926868443,ACC,-0.5681562692668173,5.024633572453215,6.1363938507245,0.0,1
1761810650202,8500926868443,GYRO,-0.05438895907247027,0.2815513075336391,-0.016930657550089965,0.0,1
1761810650222,8500947132310,ROT_VEC,0.12028658172644426,-0.41850679795635665,-0.4213234911258063,0.33573325284351113,1
1761810650222,8500947132310,MAG,36.464840349286476,-19.09449905045988,-6.4227484914526745,0.0,1
1761810650222,8500947132310,ACC,0.7785061155673826,9.591260690889005,5.211190693111197,0.0,1
1761810650222,8500947132310,GYRO,0.1331857627645435,0.23166498193615007,-0.016276212983139148,0.0,1
1761810650242,8500967396177,MAG,-19.128880024916832,-11.303079551095466,-6.487041393539625,0.0,1
1761810650242,8500967396177,GYRO,0.05914098213233587,0.4771198336744175,-0.09494133753058334,0.0,1
1761810650242,8500967396177,ROT_VEC,0.3352119670497315,0.033581299926518725,-0.5458333346444294,0.1620494146226561,1
1761810650242,8500967396177,ACC,-1.713828320446635,9.471698158025923,5.251932157989463,0.0,1
1761810650262,8500987660044,MAG,16.87002638848851,-36.73087053301015,-8.890860422161149,0.0,1
1761810650262,8500987660044,GYRO,0.029402329739463176,-0.346982325698774,0.007228270758486661,0.0,1
1761810650262,8500987660044,ACC,-2.2533116630966896,8.364269471056788,4.854973201258177,0.0,1
1761810650262,8500987660044,ROT_VEC,0.1951981886135353,0.6424619759288956,-0.6558279735674122,0.6373678172269174,1
1761810650283,8501007923911,GYRO,-0.10306049657352731,-0.009115890111625476,-0.0015605328795959411,0.0,1
1761810650283,8501007923911,MAG,-7.853645058477079,-30.54639884352259,0.2528560564960096,0.0,1
1761810650283,8501007923911,ACC,-3.310122907719559,6.667116358886584,6.107635538302511,0.0,1
1761810650283,8501007923911,ROT_VEC,0.15052527624598436,0.6719319058140732,-1.2891385461227618,0.6985271500384408,1
1761810650303,8501028187778,MAG,0.09712110226666065,-19.23811496707756,-6.044409990691538,0.0,1
1761810650303,8501028187778,GYRO,-0.18116389033015745,-0.03871194382735185,-0.09115358964449474,0.0,1
1761810650303,8501028187778,ACC,1.1136963701796407,5.5604889532552715,6.321212835743185,0.0,1
1761810650303,8501028187778,ROT_VEC,0.20332622976624787,-0.03643105457855339,-0.05678406132641525,0.5978759912231081,1
1761810650323,8501048451645,MAG,18.637543264909876,-23.080470909033636,-17.69075410757985,0.0,1
1761810650323,8501048451645,ACC,1.1821267379496483,8.119029439230994,6.589257886817357,0.0,1
1761810650323,8501048451645,GYRO,0.009278848730080572,-0.3253172569794402,-0.004922657528012481,0.0,1
1761810650323,8501048451645,ROT_VEC,0.3289006614912242,0.49695978016441433,-0.497575534212919,0.28314067741724347,1
1761810650343,8501068715512,ROT_VEC,0.1526619641573474,0.5985628926556948,0.22059278518787126,0.476102246673187,1
1761810650343,8501068715512,MAG,-7.063994947889005,-23.273834362415876,-3.9996457308700224,0.0,1
1761810650343,8501068715512,GYRO,0.01129112432464715,-0.12983516280382135,-0.055839168452429866,0.0,1
1761810650343,8501068715512,ACC,-2.2385870074823706,6.767389761460095,8.52938692518567,0.0,1
1761810650364,8501088979379,ACC,-1.6012743470841666,4.609558211139068,3.1030889310928376,0.0,1
1761810650364,8501088979379,MAG,20.028871179607947,-36.69849256279319,-5.291638370888822,0.0,1
1761810650364,8501088979379,GYRO,-0.02351713727350961,0.2860885646277053,0.018697413155977515,0.0,1
1761810650364,8501088979379,ROT_VEC,0.41371581897777704,0.34257122004957313,-0.23188476528662016,0.5597427666982658,1
1761810650384,8501109243246,GYRO,-0.01985564595492112,0.04569183796587526,-0.11099079741081577,0.0,1
1761810650384,8501109243246,ROT_VEC,0.3838247390455433,-0.2311265318339233,-0.2444436293461349,0.352738799174655,1
1761810650384,8501109243246,ACC,-1.8477595981058577,9.491291318063215,6.683774505166176,0.0,1
1761810650384,8501109243246,MAG,16.11354619597189,-20.293553393438696,-3.848389388928183,0.0,1
1761810650404,8501129507113,MAG,11.712342267626806,-5.671015769688661,-4.472272129308604,0.0,1
1761810650404,8501129507113,GYRO,-0.06363429161488617,0.19657312154298595,0.01798966152306898,0.0,1
1761810650404,8501129507113,ROT_VEC,0.3436832709013304,-0.31625121281006113,-0.34315540154214247,0.5026635838512105,1
1761810650404,8501129507113,ACC,-0.6254542672815714,10.45021308370296,5.474480857759302,0.0,1
1761810650424,8501149770980,GYRO,0.03535523090380102,0.22373819987157265,0.02804795956562093,0.0,1
1761810650424,8501149770980,ACC,1.0447190286783843,4.084912092532323,5.100514111292311,0.0,1
1761810650424,8501149770980,MAG,-4.100883296489446,-43.408690280837284,-7.942505951564203,0.0,1
1761810650424,8501149770980,ROT_VEC,0.2762053657576597,-0.14159754992212986,-0.751369522187319,0.4170066071959265,1
1761810650445,8501170034847,ACC,-1.4361604886133525,8.4036221922284,5.849331867753775,0.0,1
1761810650445,8501170034847,ROT_VEC,0.06596102624730694,-0.007464314918355593,0.42494962273520387,0.49034673236709897,1
1761810650445,8501170034847,GYRO,0.006420807983761042,0.4298098764132512,-0.08241998399413047,0.0,1
1761810650445,8501170034847,MAG,-10.13361565047367,-9.647577573608737,-9.963215196700487,0.0,1
1761810650465,8501190298714,ACC,-1.8085303758055964,5.284931932326431,4.44547056994129,0.0,1
1761810650465,8501190298714,ROT_VEC,0.25055455798068665,-0.33940485383760904,0.04203018131154434,0.6011126626113364,1
1761810650465,8501190298714,GYRO,0.03397388633616626,0.016262087023239953,-0.047265974640700384,0.0,1
1761810650465,8501190298714,MAG,30.964373641088194,-13.050190172921788,-1.749462232781209,0.0,1
1761810650485,8501210562581,GYRO,-0.05770080924692809,0.11699030379813974,0.09853291053370498,0.0,1
1761810650485,8501210562581,ACC,-1.8703552222621087,6.900086435169689,5.96007393119129,0.0,1
1761810650485,8501210562581,ROT_VEC,0.2549320382602544,0.01295273037810512,0.009143191330831801,0.524965683363464,1
1761810650485,8501210562581,MAG,11.116317448472905,-21.342334758408814,-2.4952854194847527,0.0,1
1761810650506,8501230826448,MAG,7.77738262934791,-6.244781077748989,-16.241719712777748,0.0,1
1761810650506,8501230826448,ROT_VEC,0.2442778697553904,0.20350571410998458,0.35773002120013825,0.5025451130338762,1
1761810650506,8501230826448,GYRO,0.04687892996381366,0.28140129737954006,-0.04813910245702092,0.0,1
1761810650506,8501230826448,ACC,-2.788726931925714,9.58664432281356,7.779168327503465,0.0,1
1761810650526,8501251090315,ROT_VEC,0.3389993524046792,0.2079687800023792,-0.2904674904184385,0.42042369166702426,1
1761810650526,8501251090315,GYRO,0.07862381274563915,0.011919534815118295,-0.07924470537378855,0.0,1
1761810650526,8501251090315,MAG,10.828300012287741,-18.36518178971403,-14.180581285877008,0.0,1
1761810650526,8501251090315,ACC,-0.25971205678530274,8.778433207451478,4.968839270036205,0.0,1
1761810650546,8501271354182,GYRO,0.2075246460547705,-0.18812672483487036,0.09877579125279265,0.0,1
1761810650546,8501271354182,MAG,36.816374587965434,0.2522181566973576,-16.967317729449974,0.0,1
1761810650546,8501271354182,ACC,1.3292810098012418,7.692127359820207,6.156150055593139,0.0,1
1761810650546,8501271354182,ROT_VEC,0.3510832718669436,0.256572454539634,0.09832544817323184,0.17351232703429603,1
1761810650566,8501291618049,GYRO,-0.19232753358888197,0.31208644491797755,0.01640173602456899,0.0,1
1761810650566,8501291618049,ROT_VEC,0.18597604539505075,0.08706040813519295,-0.3486126387950751,0.22120348122538988,1
1761810650566,8501291618049,ACC,-0.8622066700903065,6.615073794977559,5.90758381076809,0.0,1
1761810650566,8501291618049,MAG,4.868668912975835,-28.119396089892323,-12.952719813497026,0.0,1
1761810650587,8501311881916,GYRO,0.0003481871053596722,0.043652548629879544,-0.016998193975639803,0.0,1
1761810650587,8501311881916,ROT_VEC,0.19437589121547533,0.03125278994780062,-0.0516455545090693,0.3111248783795029,1
1761810650587,8501311881916,MAG,45.26036976352875,-29.54117549373583,-6.351569059173095,0.0,1
1761810650587,8501311881916,ACC,-1.1625253158513562,7.514535000932249,8.093179264037687,0.0,1
1761810650607,8501332145783,MAG,-12.253119996001235,-25.950905004564948,-9.844807695731992,0.0,1
1761810650607,8501332145783,ACC,-3.0208634681447006,8.533098210613142,5.397143928487809,0.0,1
1761810650607,8501332145783,GYRO,-0.09049758999213948,0.21887599845948652,0.00042318474090524694,0.0,1
1761810650607,8501332145783,ROT_VEC,0.29360681554171886,0.2530469123145108,-0.9974535047691273,0.5300072860990109,1
1761810650740,8501464956169,ACC,-0.025592312631195407,0.28479785696499604,-0.059935404602164746,0.0,
1761810650740,8501464956169,MAG,0.132061966128872,-0.03008493656313302,-0.03532669152564394,0.0,
1761810650740,8501464956169,GYRO,-0.056944474115405486,-0.19876686827912252,0.059582465811111485,0.0,
1761810650740,8501464956169,ROT_VEC,-0.061425521793176056,0.042032570599304486,0.08380815445348742,0.0,
1761810650872,8501597766556,ACC,-0.774997580659258,8.094270577538785,7.091008543731314,0.0,5
1761810650872,8501597766556,MAG,25.204208969153957,-31.85713073435737,-18.606962111046865,0.0,5
1761810650872,8501597766556,GYRO,-0.00293954212551264,-0.03985041937288398,-0.009806576793433608,0.0,5
1761810650872,8501597766556,ROT_VEC,0.4872869917782858,-0.1106737527207291,-0.5688863870153762,0.5940012986910626,5
1761810650893,8501617982665,ACC,-0.645296941864476,8.850616449483027,5.677379685889991,0.0,5
1761810650893,8501617982665,MAG,0.8136252897697455,-7.800253835074301,-9.864290360667079,0.0,5
1761810650893,8501617982665,ROT_VEC,0.29803661081979466,0.5139004042643542,0.03674242367010597,0.47653838140362403,5
1761810650893,8501617982665,GYRO,0.09638120083672953,0.041722120101978954,-0.013500257276536554,0.0,5
1761810650913,8501638198774,ROT_VEC,0.014971685524154149,-0.3046399540930211,-0.47045279365295545,0.7355712271794523,5
1761810650913,8501638198774,MAG,3.478612627895241,-32.1229960257505,-7.604652882157285,0.0,5
1761810650913,8501638198774,ACC,0.2251309794378079,8.349975909498715,3.2544572944766483,0.0,5
1761810650913,8501638198774,GYRO,-0.023178605968679572,0.05757513232375282,0.012357543630615982,0.0,5
1761810650933,8501658414884,MAG,33.75788024839569,-34.39961675023238,-0.3783035239626502,0.0,5
1761810650933,8501658414884,ROT_VEC,0.40856892052759763,0.2215456734650243,-0.4987077400498762,0.4458980131163665,5
1761810650933,8501658414884,ACC,-0.5385043175842461,7.5984526642690255,6.2183052231861735,0.0,5
1761810650933,8501658414884,GYRO,0.03707153177826251,-0.06278615255178378,0.006314175370979615,0.0,5
1761810650953,8501678630993,MAG,10.659238641487505,-16.562139099098673,-16.728518784028882,0.0,5
1761810650953,8501678630993,ROT_VEC,0.32091611864145353,0.061893161228128914,-0.056988975315037646,0.41836201326790223,5
1761810650953,8501678630993,GYRO,-0.023670342105955214,0.16110854354369483,-0.0210574180941325,0.0,5
1761810650953,8501678630993,ACC,-0.16567719054177515,7.699228545088144,5.070583056909072,0.0,5
1761810650974,8501698847102,ROT_VEC,-0.042838968024720855,-0.33539011918080835,-0.21201053343582513,0.4385567242828586,5
1761810650974,8501698847102,MAG,27.04610975019893,-24.318101933099282,-10.763821174376544,0.0,5
1761810650974,8501698847102,GYRO,0.15644389895667396,0.08791802749889256,0.004985957042860337,0.0,5
1761810650974,8501698847102,ACC,-0.15831866406729972,7.4014328396928715,3.711416267321603,0.0,5
1761810650994,8501719063211,MAG,8.18731792443869,-7.405056985196206,-22.77032400328664,0.0,5
1761810650994,8501719063211,ROT_VEC,0.267125168677473,0.30789996683337584,0.1948245810055798,0.21021256704827448,5
1761810650994,8501719063211,GYRO,0.0655444218935498,-0.003401539506645436,-0.021541609443978895,0.0,5
1761810650994,8501719063211,ACC,-0.28254154131151393,8.197493589717777,5.604647766091854,0.0,5
1761810651014,8501739279320,ROT_VEC,0.2516767213586544,0.04100281344545101,-0.7841858348440968,1.0069339039615173,5
1761810651014,8501739279320,GYRO,-0.011694202148062771,-0.05437390052126765,0.020468579103996472,0.0,5
1761810651014,8501739279320,ACC,-0.8819967834099957,7.533005106213788,4.648439569369821,0.0,5
1761810651014,8501739279320,MAG,15.966811411995343,-25.095818547213327,-21.273776851021314,0.0,5
1761810651034,8501759495429,ACC,0.38707554356762663,10.247553603595982,3.911413107059238,0.0,5
1761810651034,8501759495429,MAG,9.203445123060458,-22.69866801411705,-8.130355212841113,0.0,5
1761810651034,8501759495429,ROT_VEC,0.40667193041550037,0.2651514796805907,0.2002394516272599,0.6431872335444387,5
1761810651034,8501759495429,GYRO,-0.08387033943531279,0.002504557953895148,0.017412541648939628,0.0,5
1761810651054,8501779711538,ACC,-0.2576067240896648,10.030828661676107,5.816982619613996,0.0,5
1761810651054,8501779711538,ROT_VEC,0.2159081268084651,-0.09009271111014419,-0.6188959315587795,0.5893938047953317,5
1761810651054,8501779711538,GYRO,-0.0682889747126654,0.04381037430813878,0.02585605755724612,0.0,5
1761810651054,8501779711538,MAG,29.098932380072824,-38.57774377972382,-14.448838820974142,0.0,5
1761810651075,8501799927647,ROT_VEC,0.4464540605608249,-0.2051091893174976,-0.281260606345354,0.30663213260892846,5
1761810651075,8501799927647,ACC,-1.1149525455681164,10.246129590365477,5.271282676534318,0.0,5
1761810651075,8501799927647,GYRO,0.04077378534884544,-0.07547737784874117,0.021222736790252883,0.0,5
1761810651075,8501799927647,MAG,-13.661148860617978,-5.840751571267326,-7.151078901390388,0.0,5
1761810651095,8501820143756,MAG,40.141339430525655,-18.634280861106003,-6.182336705371895,0.0,5
1761810651095,8501820143756,ACC,-0.9359438688365205,8.784904990961781,6.426548882077505,0.0,5
1761810651095,8501820143756,GYRO,-0.032359192530920636,0.07362186560510836,0.001721065933049523,0.0,5
1761810651095,8501820143756,ROT_VEC,0.25167976805581926,0.3938853445911018,-0.8050613031150148,0.2874289948613461,5
1761810651115,8501840359865,ROT_VEC,0.18949329081329186,-0.5813335170944308,-1.1513804202046565,0.1299287240651143,5
1761810651115,8501840359865,GYRO,0.0012057231323437997,0.028438819098598533,0.008021066008780308,0.0,5
1761810651115,8501840359865,ACC,-0.20783799784281465,5.55863627351399,2.6943368490246464,0.0,5
1761810651115,8501840359865,MAG,2.2050489203544794,-55.37598322067501,-9.280550004220446,0.0,5
1761810651135,8501860575974,ACC,-1.0448037453898904,7.650289427492845,6.306756762786516,0.0,5
1761810651135,8501860575974,ROT_VEC,0.11822170798435104,0.46484478730567774,0.24701446760981816,0.6730977227675863,5
1761810651135,8501860575974,GYRO,0.0999107966157329,-0.0016174779254788905,0.010875427018227555,0.0,5
1761810651135,8501860575974,MAG,-12.229187603108993,-11.270124733834056,-15.918286927336208,0.0,5
1761810651155,8501880792084,ACC,-0.07769965335377899,8.524401613766045,6.92552354680469,0.0,5
1761810651155,8501880792084,ROT_VEC,0.16529697677727187,-0.21033976309793478,-1.0179027588722955,0.37949072457962696,5
1761810651155,8501880792084,GYRO,0.04802401177635567,0.18714641704164373,0.014636738775468129,0.0,5
1761810651155,8501880792084,MAG,4.745239391216687,-13.709848142621116,-14.460788128468538,0.0,5
1761810651176,8501901008193,ACC,-0.6724542522977345,7.2142320952911545,5.511499970797517,0.0,5
1761810651176,8501901008193,GYRO,-0.06005827264579426,0.06518639528603903,0.026310048121798248,0.0,5
1761810651176,8501901008193,ROT_VEC,0.34590475709903556,-0.1517574152757166,-0.36344647665786833,0.5148785993969827,5
1761810651176,8501901008193,MAG,11.177290044306194,-45.094792934246854,-6.411930957554194,0.0,5
1761810651196,8501921224302,ACC,-0.3702709206994764,9.087308772216815,3.5383273192938,0.0,5
1761810651196,8501921224302,GYRO,0.05218283861940668,-0.0373199943772458,-0.008417137470756831,0.0,5
1761810651196,8501921224302,ROT_VEC,0.14016043835441339,-0.008750831524253298,-0.34585809444490445,0.5119005293157107,5
1761810651196,8501921224302,MAG,29.215561505237346,-32.06138522629896,-8.798980032630864,0.0,5
1761810651216,8501941440411,GYRO,0.16327147491339372,0.03428884548097305,0.016795149632143867,0.0,5
1761810651216,8501941440411,ROT_VEC,0.18402279886712908,-0.07501850469090979,-0.7603145280677237,0.6375219726394883,5
1761810651216,8501941440411,ACC,-0.5445561764427246,8.838183116053152,3.938877007548038,0.0,5
1761810651216,8501941440411,MAG,50.78922608735826,-14.91423745187302,-4.111870380605543,0.0,5
1761810651236,8501961656520,MAG,-16.47649306996059,-23.871227765200214,-11.478594246451761,0.0,5
1761810651236,8501961656520,GYRO,-0.003362036425333028,0.013604522013896218,0.005958396529330372,0.0,5
1761810651236,8501961656520,ROT_VEC,0.15751575259688164,0.5014184268682859,-0.22770475152503655,0.45257799879724503,5
1761810651236,8501961656520,ACC,-0.9144311706984637,7.6063801640717426,4.8046472105826865,0.0,5
1761810651257,8501981872629,MAG,5.522860317316265,-10.154437129497886,-16.510805741563704,0.0,5
1761810651257,8501981872629,GYRO,-0.028823327977496007,-0.08088391013000913,-0.006050684842365137,0.0,5
1761810651257,8501981872629,ROT_VEC,0.12647425874127408,-0.19328201386458632,-0.6991524695262044,0.6085946832961203,5
1761810651257,8501981872629,ACC,-2.0249542746528864,8.498355850157582,5.264477477535258,0.0,5
1761810651277,8502002088738,GYRO,-0.01113546805347751,-0.08981015941011093,-0.004757897439779784,0.0,5
1761810651277,8502002088738,ROT_VEC,0.3703754158085779,0.5246151523839855,-0.21152923871204216,0.225603249275526,5
1761810651277,8502002088738,MAG,32.797945591522115,-25.2400386720733,-26.314770725936274,0.0,5
1761810651277,8502002088738,ACC,-1.1337233451251187,9.863217449358926,3.420031140349192,0.0,5
1761810651297,8502022304847,ACC,-0.8014148663436796,9.342295715198416,4.211589452773927,0.0,5
1761810651297,8502022304847,ROT_VEC,0.2849659320123563,-0.020235832815077362,-0.8679500754322405,0.5771618818780855,5
1761810651297,8502022304847,GYRO,0.0490575501608355,-0.1176271594818505,-0.021100056892612507,0.0,5
1761810651297,8502022304847,MAG,27.367894778817462,-39.25801454435186,-25.58337852313733,0.0,5
1761810651317,8502042520956,ACC,-1.0133144335469437,7.579954028862083,6.4102432134991085,0.0,5
1761810651317,8502042520956,GYRO,-0.01882537145111019,0.03938336584280168,-0.04533970728014582,0.0,5
1761810651317,8502042520956,ROT_VEC,0.3012236757717237,-0.1779991639083662,-0.002886780724484575,0.26766607016863475,5
1761810651317,8502042520956,MAG,19.2062138821604,-37.70519482333074,-6.7642895870910635,0.0,5
1761810651337,8502062737065,MAG,13.258647852159555,-21.78987357287155,-5.574210073824544,0.0,5
1761810651337,8502062737065,ACC,-0.9925162750747497,7.937238514386965,5.403073668799255,0.0,5
1761810651337,8502062737065,GYRO,-0.02584882047816653,0.08322630092171103,-0.0049510264056005105,0.0,5
1761810651337,8502062737065,ROT_VEC,0.2849290546146214,0.0721197280182012,0.882109290447298,0.426649891337967,5
1761810651358,8502082953174,MAG,16.55459363680889,-23.608026976124563,-5.014621429262042,0.0,5
1761810651358,8502082953174,ROT_VEC,0.10280352594926925,0.3303919706934085,-0.16802559339478035,0.3408156574231583,5
1761810651358,8502082953174,ACC,-1.9870534507664441,4.276753393922191,2.199417015900364,0.0,5
1761810651358,8502082953174,GYRO,0.06722272590025272,-0.034299258907627535,0.016211924846342717,0.0,5
1761810651378,8502103169284,ACC,-1.1878879586886022,5.103264704464418,6.484717620966953,0.0,5
1761810651378,8502103169284,ROT_VEC,0.12924046055512875,0.28926593044503474,-0.36456804561256484,0.24993366614833948,5
1761810651378,8502103169284,MAG,38.243805574760444,-8.403206644795432,-8.964571487482523,0.0,5
1761810651378,8502103169284,GYRO,0.03541590032274404,-0.08295151193002014,0.03483286704009423,0.0,5
1761810651398,8502123385393,GYRO,0.0969375155572973,-0.03520939310067088,0.012472408040569576,0.0,5
1761810651398,8502123385393,ACC,-1.2175514285180133,7.946084831725127,4.307129168072549,0.0,5
1761810651398,8502123385393,ROT_VEC,0.15407145353207438,-0.27588165022755734,-0.6306976523754763,0.49218927464518414,5
1761810651398,8502123385393,MAG,14.163113716545583,-20.47136695924953,-22.23211491291335,0.0,5
1761810651418,8502143601502,ROT_VEC,0.2519871546219062,-0.23688128332780858,-0.2092421807731508,0.675135764381503,5
1761810651418,8502143601502,GYRO,0.06101595404849647,0.024374043387993493,-0.0004789346927867558,0.0,5
1761810651418,8502143601502,ACC,-0.9757904483085046,7.449250367608038,4.483221176275096,0.0,5
1761810651418,8502143601502,MAG,26.390396512401836,-18.44343403570203,-18.299660251094473,0.0,5
1761810651438,8502163817611,ACC,-0.9256651452098262,7.865182719420577,4.693654547482759,0.0,5
1761810651438,8502163817611,ROT_VEC,0.182218004945949,-0.23029361851953178,-0.46286347009951,0.4932553236534616,5
1761810651438,8502163817611,GYRO,-0.08507515926712257,-0.013657060871702285,-0.005502086141901159,0.0,5
1761810651438,8502163817611,MAG,29.770586839395218,-43.46541854674626,-20.927517353771364,0.0,5
1761810651459,8502184033720,ROT_VEC,0.2526398406224266,-0.14626713923585677,0.18003582276414754,0.6117987311955799,5
1761810651459,8502184033720,GYRO,0.00043908688624550926,-0.0065967045865132174,-0.036008436838221886,0.0,5
1761810651459,8502184033720,MAG,13.598121558218988,-22.147391736643133,-10.877264557738494,0.0,5
1761810651459,8502184033720,ACC,-0.3854369427017381,7.863567871236547,7.902359989890271,0.0,5
1761810651479,8502204249829,MAG,33.54057374689254,-37.9060953039298,-7.292888390365057,0.0,5
1761810651479,8502204249829,GYRO,0.08007524771212154,-0.09577226165567246,0.0006699960590624459,0.0,5
1761810651479,8502204249829,ACC,-0.9180379635760465,8.05711360045362,4.847806499729444,0.0,5
1761810651479,8502204249829,ROT_VEC,0.14553200045657164,-0.08458484474357107,-0.4480076834091289,0.43597415369770115,5
1761810651499,8502224465938,MAG,9.471544034246342,-51.82998559541023,-11.21419769157346,0.0,5
1761810651499,8502224465938,ACC,-0.5543918347643112,7.92297069385795,3.8697815534498976,0.0,5
1761810651499,8502224465938,GYRO,-0.025325677512748505,0.05453495153536224,0.0392805726533952,0.0,5
1761810651499,8502224465938,ROT_VEC,0.2445021378870774,0.12798898550071955,0.28377121571227915,0.5659649832254406,5
1761810651519,8502244682047,ACC,0.06281822529562832,8.55416714582449,6.3948866813416005,0.0,5
1761810651519,8502244682047,GYRO,-0.008913374014845033,0.12130703364188869,0.0068471905664340095,0.0,5
1761810651519,8502244682047,MAG,32.08247080302556,-35.65593415060091,-15.399833165620663,0.0,5
1761810651519,8502244682047,ROT_VEC,0.0767640762648345,-0.27260141017560713,-0.09275169502239032,0.5578202426000658,5
1761810651540,8502264898156,ROT_VEC,0.27527784616638584,0.28835356755529684,0.5718205231189486,0.5824111828815692,5
1761810651540,8502264898156,ACC,-0.46091655207799814,7.0063651001986145,4.042523876290803,0.0,5
1761810651540,8502264898156,MAG,7.677917673439559,-26.41801568168598,-15.69203963992152,0.0,5
1761810651540,8502264898156,GYRO,0.06235205691726549,0.015265062572299043,-0.0052558734406228155,0.0,5
1761810651560,8502285114265,ROT_VEC,0.18312030959873707,0.1144996286037536,0.5270247253519578,0.7124223402411409,5
1761810651560,8502285114265,ACC,-0.9273721294736168,7.446888047337148,5.483315952869855,0.0,5
1761810651560,8502285114265,MAG,18.2613621525906,-36.315991644730886,0.8441282652221245,0.0,5
1761810651560,8502285114265,GYRO,-0.03287232268890442,-0.03789369002331637,0.008046981886853509,0.0,5
1761810651580,8502305330374,ACC,-1.535315687205819,8.176685027707245,5.472348512079645,0.0,5
1761810651580,8502305330374,MAG,-3.4262347609216457,-27.804466843493646,-4.340740446924559,0.0,5
1761810651580,8502305330374,ROT_VEC,0.11895556286732148,0.2810659891667932,-0.5377494143022865,0.6685461666143562,5
1761810651580,8502305330374,GYRO,-0.017755060573565767,0.029319787217153018,-0.0015534998610101662,0.0,5
1761810651600,8502325546484,MAG,4.407975889977859,-49.006499696494124,-10.645108139109986,0.0,5
1761810651600,8502325546484,GYRO,0.013133298001353795,0.0158610952405261,0.01916003469427034,0.0,5
1761810651600,8502325546484,ROT_VEC,0.18977470941638724,0.06784982813109686,-0.4985860569147139,0.4010607018776246,5
1761810651600,8502325546484,ACC,-0.46906256480528735,3.453779663949912,4.108989501809914,0.0,5
1761810651620,8502345762593,GYRO,-0.06990191654494866,0.11066058748430072,0.015568006721485799,0.0,5
1761810651620,8502345762593,ACC,-1.1829862146668069,6.80089364429074,4.641702041597535,0.0,5
1761810651620,8502345762593,ROT_VEC,0.14756999857962655,0.6439204149611489,-0.08573932848554508,0.37158600098862415,5
1761810651620,8502345762593,MAG,24.14486192855257,-44.2097285379956,-15.104109449058688,0.0,5
1761810651641,8502365978702,ROT_VEC,0.14616218224192132,0.1276482678938971,-0.20790868190217962,0.6222695794325218,5
1761810651641,8502365978702,MAG,-2.619357484976919,-40.91850149747717,-6.108809408894233,0.0,5
1761810651641,8502365978702,GYRO,0.039015811953742326,0.030187921862950134,0.00036886709867681037,0.0,5
1761810651641,8502365978702,ACC,-0.9776715425119955,7.957805857237509,4.758819146506717,0.0,5
1761810651661,8502386194811,ROT_VEC,0.14885081019429364,0.1264194246438342,-0.07595690030206209,0.6813668826917727,5
1761810651661,8502386194811,GYRO,-0.016170713646971594,-0.005946581019247561,-0.04415026062982408,0.0,5
1761810651661,8502386194811,ACC,-0.1837545507742889,10.295109821966275,5.6718257659421525,0.0,5
1761810651661,8502386194811,MAG,36.63223849115775,-49.195284124270536,-21.62927696702227,0.0,5
1761810651681,8502406410920,GYRO,-0.04138421314730764,-0.1859066174366994,0.022186935888750484,0.0,5
1761810651681,8502406410920,ROT_VEC,0.2221392294275157,0.08479268386577238,-0.18858406206222095,0.6430270914602944,5
1761810651681,8502406410920,ACC,-0.8071394170019395,5.616536812156697,4.196807425772086,0.0,5
1761810651681,8502406410920,MAG,20.544555179820918,-26.466289179529205,-15.084417002104047,0.0,5
1761810651701,8502426627029,MAG,19.87865337464037,-46.305408434365376,-13.2093110967187,0.0,5
1761810651701,8502426627029,ACC,-1.944083317463688,7.613376110354922,4.779556916581719,0.0,5
1761810651701,8502426627029,ROT_VEC,0.2629882840984823,0.18151926974624913,-0.029639965345186384,0.36299596169540155,5
1761810651701,8502426627029,GYRO,-0.05363529743860926,-0.052455151790437665,0.007794544832729526,0.0,5
1761810651722,8502446843138,MAG,-5.1259814615658135,-39.25921444406171,-3.2119615814970657,0.0,5
1761810651722,8502446843138,GYRO,-0.08921645769291518,-0.08229091669095318,-0.005590360509243027,0.0,5
1761810651722,8502446843138,ACC,-1.4836152663143245,10.60465361332409,6.223564211111241,0.0,5
1761810651722,8502446843138,ROT_VEC,0.253859428051206,0.43824286676991986,-0.5853048738201677,0.6535770839374346,5
1761810651742,8502467059247,ROT_VEC,0.1830309570992198,0.29734958447417775,0.13107323799723475,0.32045036854492126,5
1761810651742,8502467059247,GYRO,-0.017911522076740603,0.00030966226185913034,0.020945588933879437,0.0,5
1761810651742,8502467059247,ACC,-1.0209725686677538,8.143255398967012,5.394719971641537,0.0,5
1761810651742,8502467059247,MAG,41.24515096199024,-49.21586897228787,-14.965982386108575,0.0,5
1761810651762,8502487275356,ROT_VEC,0.2032345606203264,1.1444505305988393,-0.7805090922244428,0.28020864128306255,5
1761810651762,8502487275356,MAG,5.68450472823767,-19.209230244162782,-13.150812661555774,0.0,5
1761810651762,8502487275356,ACC,-0.8835805999117934,6.352754930941682,5.61239526407142,0.0,5
1761810651762,8502487275356,GYRO,-0.0792884459561029,0.0011642084470263776,-0.003361366882397099,0.0,5
1761810651782,8502507491465,ROT_VEC,0.36081200187522966,0.4174085327886988,1.0108513564033021,0.41922954126940404,5
1761810651782,8502507491465,MAG,-5.017805530214744,-23.7050719369172,-22.151148907992976,0.0,5
1761810651782,8502507491465,ACC,-1.4855325208829058,3.4291536380578385,6.912080201185846,0.0,5
1761810651782,8502507491465,GYRO,-0.06864407625814431,-0.0804684487909401,-0.008649733484917394,0.0,5
1761810651802,8502527707574,ACC,-0.33495469044080567,7.686181472685118,5.207066184556405,0.0,5
1761810651802,8502527707574,MAG,-20.759868241406075,-36.175624072697204,-18.155539646584433,0.0,5
1761810651802,8502527707574,GYRO,-0.042380875665327306,-0.03625625445590758,0.0013019108093258562,0.0,5
1761810651802,8502527707574,ROT_VEC,0.36645077120178243,-0.09071183828020236,0.2838519374784425,0.5529807081678405,5
1761810651823,8502547923684,ACC,-1.1510103408815384,10.193961490386439,6.224410840636077,0.0,5
1761810651823,8502547923684,ROT_VEC,0.35937855853292483,0.020200237189384726,-0.19095803975099349,0.42258346098134286,5
1761810651823,8502547923684,GYRO,-0.06601874182667206,-0.13561037531384088,0.008614967589393637,0.0,5
1761810651823,8502547923684,MAG,33.6968085839427,-27.750707081700366,-9.254271725493593,0.0,5
1761810651843,8502568139793,ROT_VEC,0.24575093752265276,0.7400108670897809,-0.6333087336000249,0.25280606070106065,5
1761810651843,8502568139793,MAG,21.110741463793204,-2.6099780528123784,-10.217705725209772,0.0,5
1761810651843,8502568139793,ACC,-1.0598269833887644,7.695829051906249,6.521912068323061,0.0,5
1761810651843,8502568139793,GYRO,0.020387492470014243,-0.1392459915594517,0.019497150460573345,0.0,5
1761810651863,8502588355902,GYRO,0.00938852160896941,0.08059798002908511,0.016800280678368733,0.0,5
1761810651863,8502588355902,ROT_VEC,0.38955491137654974,-0.61420036314581,-0.07014893664933852,0.461630794253822,5
1761810651863,8502588355902,MAG,35.501328976324324,-44.81838028695638,-7.294911786474554,0.0,5
1761810651863,8502588355902,ACC,-1.0892492633416893,8.225759573007647,6.488576830648732,0.0,5
1761810651883,8502608572011,GYRO,-0.06280417867176237,0.035732546164945866,-0.04055629248005721,0.0,5
1761810651883,8502608572011,MAG,-14.574430338040326,-38.84729201327523,-22.282977990506144,0.0,5
1761810651883,8502608572011,ROT_VEC,0.43092739534903096,0.4200729607340278,-0.1756817403537451,0.36511774730498925,5
1761810651883,8502608572011,ACC,-1.1649006141120672,6.839505838512285,7.367732507020027,0.0,5
1761810651903,8502628788120,ROT_VEC,0.4912387507772912,0.20845675183558587,-0.2200489253746294,0.19460833076666212,5
1761810651903,8502628788120,GYRO,-0.013197977292205893,-0.043500695589603164,0.032337012471196795,0.0,5
1761810651903,8502628788120,MAG,36.254012401267296,-30.862460456950167,-19.796953097443048,0.0,5
1761810651903,8502628788120,ACC,-0.4783317025146888,8.958531431384401,5.194249154645653,0.0,5
1761810651924,8502649004229,MAG,8.157274193558504,-36.47755400725899,-5.359619072473339,0.0,5
1761810651924,8502649004229,ACC,-0.8320060890128038,7.717715857480432,5.033759710990809,0.0,5
1761810651924,8502649004229,GYRO,-0.02032979599379279,-0.05681392572311176,-0.0014593786273735332,0.0,5
1761810651924,8502649004229,ROT_VEC,0.3466373087941782,0.0831205407164353,-0.21739438493841481,0.23169774366790474,5
1761810651944,8502669220338,GYRO,0.024544401961216662,-0.019365874448518262,0.012559097634081442,0.0,5
1761810651944,8502669220338,MAG,-0.28163773166211126,-45.943635888414256,-3.3288305128198568,0.0,5
1761810651944,8502669220338,ROT_VEC,0.15934268156361106,0.25992996571395766,0.852117288417025,-0.04064592091950113,5
1761810651944,8502669220338,ACC,-0.7254639004522608,10.547730393382343,5.872649467614972,0.0,5
1761810651964,8502689436447,ROT_VEC,0.35423044721646646,-0.4752685942771584,0.18956575240715312,0.32716390222303543,5
1761810651964,8502689436447,MAG,-9.491155344979866,-34.741363099907886,-21.992107725186273,0.0,5
1761810651964,8502689436447,ACC,-0.6939295578115164,4.6656231317822145,5.731449738913783,0.0,5
1761810651964,8502689436447,GYRO,-0.014295396961349544,0.043586372039490354,-0.0075110050456307295,0.0,5
1761810651984,8502709652556,ROT_VEC,0.37190264728943767,-0.3911795333738254,-0.891842442350835,0.36505422639859725,5
1761810651984,8502709652556,MAG,-2.065350525214388,-34.361010491384924,-19.332534985765474,0.0,5
1761810651984,8502709652556,ACC,-1.2893502456737955,8.911698423869444,3.9850428534567315,0.0,5
1761810651984,8502709652556,GYRO,-0.06604340568959503,0.041133964929514114,0.010682658975198838,0.0,5
1761810652005,8502729868665,MAG,33.1428218234336,-15.669527298761878,-10.180525193265579,0.0,5
1761810652005,8502729868665,GYRO,-0.0030904073850786112,-0.013787541429938722,0.019986101211597357,0.0,5
1761810652005,8502729868665,ACC,-0.23279248415821496,8.405222884039283,7.029884510652633,0.0,5
1761810652005,8502729868665,ROT_VEC,0.4151791831814543,0.32074494083579735,0.42600083203427463,0.7104919635573123,5
1761810652025,8502750084774,GYRO,0.020795509615191443,-0.04531728367031704,-0.0108366777724931,0.0,5
1761810652025,8502750084774,MAG,15.909584359848235,-25.02413157032104,-11.10037782619669,0.0,5
1761810652025,8502750084774,ACC,0.2731037481960539,7.26310443045419,5.639236709375694,0.0,5
1761810652025,8502750084774,ROT_VEC,0.18825339681456096,-0.018500281367815008,1.016556289149894,0.5335478199845598,5
1761810652045,8502770300883,GYRO,-0.03944516123648991,0.07191743637770537,0.02154180192707873,0.0,5
1761810652045,8502770300883,MAG,17.62913860112761,-22.874838649799155,-4.034849562506997,0.0,5
1761810652045,8502770300883,ACC,-0.9301765989158436,8.006885718957534,6.621620891623082,0.0,5
1761810652045,8502770300883,ROT_VEC,0.2287618582859439,-0.44571670105094907,-0.5112133177647762,0.04978731562891218,5
1761810652065,8502790516993,GYRO,0.021993844378093243,-0.16962094948666676,-0.005885234762485799,0.0,5
1761810652065,8502790516993,ACC,0.035767951641821755,8.416388190407178,4.774144150302017,0.0,5
1761810652065,8502790516993,MAG,3.389695481320889,-20.085473649712966,-7.860202237105694,0.0,5
1761810652065,8502790516993,ROT_VEC,0.17134989546067575,-0.2642928421680607,0.48707000336542794,0.2602499760079239,5
1761810652085,8502810733102,ACC,-1.659159308686278,10.356731097435464,6.656093470616703,0.0,5
1761810652085,8502810733102,MAG,7.5918943983836265,-18.75881441169573,-14.913919629364923,0.0,5
1761810652085,8502810733102,ROT_VEC,0.19730296012278015,-0.31700755044291484,-0.03468880914345218,0.4721181450367545,5
1761810652085,8502810733102,GYRO,0.02806222657441229,-0.06095087560422445,0.032477041061011444,0.0,5
1761810652106,8502830949211,ROT_VEC,0.23227608569602506,-0.31609733628362563,-0.560545516490678,0.5668321733301281,5
1761810652106,8502830949211,MAG,34.9614900873347,-8.826674698895218,-7.868974129034065,0.0,5
1761810652106,8502830949211,ACC,-0.5502078742662005,8.754912674545029,4.347628289758928,0.0,5
1761810652106,8502830949211,GYRO,-0.04032970537437392,-0.061361451498838065,-0.020930583382257183,0.0,5
1761810652126,8502851165320,ACC,-1.0755021295663876,7.488367045605498,4.46391480406588,0.0,5
1761810652126,8502851165320,ROT_VEC,0.259626474983858,-0.13142133712079868,-0.20681165641576288,0.18529310943014077,5
1761810652126,8502851165320,MAG,43.73306394960246,-48.558278500180094,-12.884248540186139,0.0,5
1761810652126,8502851165320,GYRO,-0.1176536346565075,-0.03463769736629928,0.010711267620601912,0.0,5
1761810652146,8502871381429,MAG,30.914434869081347,-11.601719347037314,-14.026338508738036,0.0,5
1761810652146,8502871381429,GYRO,-0.049453214410486515,-0.044275969024192924,0.052190156916909654,0.0,5
1761810652146,8502871381429,ROT_VEC,0.15593680953966657,-0.18129524810785547,-0.3874110452871306,0.5046559983318222,5
1761810652146,8502871381429,ACC,-0.2503615167807382,4.891773142073409,3.600240197553682,0.0,5
1761810652166,8502891597538,ROT_VEC,0.13877571190153132,0.389033792475165,0.17727429964528324,0.5585640240015751,5
1761810652166,8502891597538,GYRO,0.05570600310910201,0.12602155312240929,-0.00406222223965194,0.0,5
1761810652166,8502891597538,MAG,27.20079785206436,-14.971295351640187,-2.1578726624451168,0.0,5
1761810652166,8502891597538,ACC,-1.1740010112468229,7.340904747979876,5.018283712278733,0.0,5
1761810652186,8502911813647,ACC,-1.0060587236267562,6.964400029419729,5.15572570717897,0.0,5
1761810652186,8502911813647,ROT_VEC,0.11828234633456854,-0.02531457750343772,1.719179917449736,0.40343286426614616,5
1761810652186,8502911813647,GYRO,-0.02847546384223689,-0.10339769404394224,0.022820013389983435,0.0,5
1761810652186,8502911813647,MAG,31.95612113733195,-49.24632362534312,-5.142098749583042,0.0,5
1761810652207,8502932029756,MAG,21.118529637842986,-17.806663207753992,-7.513576330854148,0.0,5
1761810652207,8502932029756,ACC,-0.19361714517825399,6.002711653027913,4.496029905920896,0.0,5
1761810652207,8502932029756,ROT_VEC,0.09242322810273516,0.608704321418389,-0.01797462302274501,0.47909327836807564,5
1761810652207,8502932029756,GYRO,-0.006918291234931435,0.07146935261231857,0.001221449950564796,0.0,5
1761810652227,8502952245865,MAG,22.950982621448446,-16.758625786421216,-13.982403569774146,0.0,5
1761810652227,8502952245865,ROT_VEC,0.2888416416290288,0.3276250399023287,0.21965934679854554,0.6111171941381136,5
1761810652227,8502952245865,GYRO,-0.001476748541444031,-0.03609773483387464,0.016932925752632638,0.0,5
1761810652227,8502952245865,ACC,0.11548294006197038,7.442571803186662,6.621662531765965,0.0,5
1761810652247,8502972461974,GYRO,-0.03575808711044109,-0.006576214282380035,0.038502061671508124,0.0,5
1761810652247,8502972461974,ROT_VEC,0.2961786751390495,0.0002644947349632887,-0.0686487664632006,0.6127362135721539,5
1761810652247,8502972461974,ACC,-0.7495010694456948,8.674093799800414,5.152552220203255,0.0,5
1761810652247,8502972461974,MAG,-17.012451253135406,-30.574107354328163,-8.466196693144465,0.0,5
1761810652267,8502992678083,MAG,1.2291721577342907,-22.73105981769171,-15.955868195765666,0.0,5
1761810652267,8502992678083,GYRO,0.04443581631439429,-0.02071684705828207,0.017738540144645775,0.0,5
1761810652267,8502992678083,ACC,-0.4814287815490731,7.5591627229890825,4.848769399122831,0.0,5
1761810652267,8502992678083,ROT_VEC,0.257021439908366,0.2177277407342962,-0.09841039050138128,0.2525991848642842,5
1761810652288,8503012894193,GYRO,-0.005968695392529766,0.12936335607661392,0.017972863701182794,0.0,5
1761810652288,8503012894193,MAG,7.0289794472178935,-16.45236543147922,-8.421740541922404,0.0,5
1761810652288,8503012894193,ROT_VEC,0.17829537970168044,-0.14680787615127525,0.24810632254944673,0.047809564540318955,5
1761810652288,8503012894193,ACC,0.3876997917848001,8.857106162982232,5.112937113618146,0.0,5
1761810652308,8503033110302,ROT_VEC,0.21499462335275654,-0.11967953688467031,-0.5180254484250487,0.5998314833217591,5
1761810652308,8503033110302,MAG,8.61272935816347,-10.822363056833,-10.91819326516668,0.0,5
1761810652308,8503033110302,GYRO,0.08959862324413795,-0.07701725114108424,0.023561908586938598,0.0,5
1761810652308,8503033110302,ACC,-0.49284215491194644,7.517468645960205,4.7051147295791225,0.0,5
1761810652328,8503053326411,MAG,26.95163471883026,-36.48722210211959,-16.68207319445465,0.0,5
1761810652328,8503053326411,ROT_VEC,0.19342528037807197,-0.019825635892690173,-0.44471027586374995,0.7723188714643697,5
1761810652328,8503053326411,ACC,-0.004907770782509979,6.239871837431287,3.9133534477279524,0.0,5
1761810652328,8503053326411,GYRO,0.004612507048871531,-0.09721183686029758,0.010407840048429724,0.0,5
1761810652348,8503073542520,ACC,-1.0357095956243254,10.19070003484854,4.577373044857913,0.0,5
1761810652348,8503073542520,GYRO,-0.05393346665358361,-0.08825143067880478,-0.01151439813984626,0.0,5
1761810652348,8503073542520,ROT_VEC,0.17291328069762432,0.323597871161639,0.664044833491273,0.7721431659065364,5
1761810652348,8503073542520,MAG,8.873548238035061,-31.798918426204715,-24.45438233131155,0.0,5
1761810652368,8503093758629,ACC,-0.4247522571098221,8.657758957092765,5.527320895014605,0.0,5
1761810652368,8503093758629,GYRO,-0.033672180314527775,0.010439778384169696,0.027102808554585172,0.0,5
1761810652368,8503093758629,ROT_VEC,0.23144506402456932,0.1610207393450601,0.046958531911762774,0.4711280983892981,5
1761810652368,8503093758629,MAG,38.087333739881885,-10.831350008631738,-4.380445311830103,0.0,5
1761810652389,8503113974738,ACC,0.18204600419083722,7.606711343087308,4.905764169393768,0.0,5
1761810652389,8503113974738,ROT_VEC,0.4303797276730198,0.8238135939540521,0.5104520324379468,0.4885194513808059,5
1761810652389,8503113974738,GYRO,-0.05709856001589935,-0.09711061870645543,0.010555702349263328,0.0,5
1761810652389,8503113974738,MAG,32.107623873823165,-18.913602079851174,-11.095589897694852,0.0,5
1761810652409,8503134190847,GYRO,0.01064482732288046,-0.05572420743112277,0.021922720361888606,0.0,5
1761810652409,8503134190847,ROT_VEC,0.0961010595900231,0.03893600095273436,0.505101994745504,0.4660893704005726,5
1761810652409,8503134190847,MAG,36.35773488946665,-24.32484631564538,-0.3677147614781773,0.0,5
1761810652409,8503134190847,ACC,-0.3169910073251777,7.5557704809363075,6.832299827229286,0.0,5
1761810652429,8503154406956,MAG,11.075371905125104,-23.871328156317176,-21.249109328773283,0.0,5
1761810652429,8503154406956,ROT_VEC,0.1621325949575228,0.15327078938516428,0.1640487163691426,0.36097816952049344,5
1761810652429,8503154406956,ACC,-0.1930373701951598,6.445666292657789,5.406475578263908,0.0,5
1761810652429,8503154406956,GYRO,-0.005457730132913426,-0.04619486034939247,-0.003345273256751359,0.0,5
1761810652449,8503174623065,GYRO,-0.06847772094068494,0.00015945267334843694,-0.005635227772213872,0.0,5
1761810652449,8503174623065,MAG,19.963593522662656,-39.72329991262407,-18.961923254034122,0.0,5
1761810652449,8503174623065,ACC,-2.03218664694851,8.531101652260821,6.454328331114129,0.0,5
1761810652449,8503174623065,ROT_VEC,0.21002644381618185,0.03428640668808972,0.16144055458220471,0.54098488582425,5
1761810652470,8503194839174,MAG,26.148223483038063,-22.260651690122558,-9.138436598337227,0.0,5
1761810652470,8503194839174,GYRO,-0.03052871010018686,-0.06368902647268704,-0.003895453640033065,0.0,5
1761810652470,8503194839174,ROT_VEC,0.23265660324485637,0.07604420126462409,0.004147219516149214,0.37255165208071006,5
1761810652470,8503194839174,ACC,-0.9586409488606329,7.465821330967393,6.204906428650268,0.0,5
1761810652490,8503215055283,GYRO,0.014138868554748444,-0.09241850855283976,-0.0003578057721622223,0.0,5
1761810652490,8503215055283,MAG,2.4527714354837626,8.114973440802729,-0.5319196790131562,0.0,5
1761810652490,8503215055283,ACC,-0.14479506893379746,6.673669773740059,4.9419537353450815,0.0,5
1761810652490,8503215055283,ROT_VEC,0.2807754908375391,0.10612937710986656,-1.2125461242435343,0.777425693184512,5
1761810652510,8503235271393,MAG,11.20247975201422,-48.492416868641314,-6.040819537948423,0.0,5
1761810652510,8503235271393,ACC,-0.8696249526198699,5.245981100499613,2.673672164508189,0.0,5
1761810652510,8503235271393,GYRO,-0.004147679242834826,0.04598611907021338,-0.008440650741386065,0.0,5
1761810652510,8503235271393,ROT_VEC,0.19119600765670347,-0.149065707122436,0.19846532254649957,0.4856828299187451,5
1761810652530,8503255487502,MAG,-11.518835788482871,-5.997341416181292,-20.895986360378437,0.0,5
1761810652530,8503255487502,GYRO,-0.0687804594450678,0.048736077567229925,0.012474308800456108,0.0,5
1761810652530,8503255487502,ACC,-0.9232032346015497,8.638255692250514,3.2741880397153222,0.0,5
1761810652530,8503255487502,ROT_VEC,0.1525035160447014,-0.03515669825502164,0.6505006681665786,0.2641140366092888,5
1761810652550,8503275703611,MAG,-12.397079371343471,-11.127688580112766,-11.11638020890233,0.0,5
1761810652550,8503275703611,ROT_VEC,0.23814663964165805,-0.15794700473548728,0.14554923809740408,0.7060417071075356,5
1761810652550,8503275703611,ACC,-1.2088817909341505,11.079541799653292,4.9691317853755335,0.0,5
1761810652550,8503275703611,GYRO,0.07294619913917108,-0.08116553904467945,0.015102557054932235,0.0,5
1761810652571,8503295919720,ROT_VEC,0.28879489833373756,-0.0174511433272425,-0.6265968244912966,0.7090404636079687,5
1761810652571,8503295919720,MAG,-10.630109203247283,-14.675053308066637,-14.647831835599447,0.0,5
1761810652571,8503295919720,ACC,-0.22746666983665803,8.450513602042118,5.656581625230208,0.0,5
1761810652571,8503295919720,GYRO,-0.09508173532083451,-0.026796821345988195,0.007519894616381188,0.0,5
1761810652591,8503316135829,ROT_VEC,0.2956776243039461,0.20520217093801174,0.3146789359963239,0.5013408593508527,5
1761810652591,8503316135829,ACC,-0.3135739039087606,8.419039039758848,6.641881121626273,0.0,5
1761810652591,8503316135829,GYRO,-0.07046403625159647,-0.0210224348858548,-0.02050351436090989,0.0,5
1761810652591,8503316135829,MAG,-0.39030886438315227,-27.121278970517146,-6.676969991201174,0.0,5
1761810652611,8503336351938,ACC,0.1564074062380358,6.822602846999165,7.277705304787136,0.0,5
1761810652611,8503336351938,GYRO,-0.02117980110450543,-0.03383301891633618,0.027337214700574257,0.0,5
1761810652611,8503336351938,ROT_VEC,0.2172307677433326,0.18530573159547142,0.005105883955040948,0.6596780266597032,5
1761810652611,8503336351938,MAG,42.40552885574947,-30.898992887914233,-11.965141675715486,0.0,5
1761810652631,8503356568047,MAG,38.66768507638537,-38.46442237807702,-17.09743200095019,0.0,5
1761810652631,8503356568047,GYRO,-0.021579861188673444,-0.06880187347557579,-0.025423598125006792,0.0,5
1761810652631,8503356568047,ROT_VEC,0.2527527518714748,-0.09394982437200983,-0.31767410057993106,0.7319252124958874,5
1761810652631,8503356568047,ACC,-2.036711914880875,7.792210250357023,5.99255656942606,0.0,5
1761810652651,8503376784156,ACC,-1.5965164039252144,7.794095178619447,4.6095355632146156,0.0,5
1761810652651,8503376784156,GYRO,0.08459871635715299,0.006227679580325888,0.030473291418665564,0.0,5
1761810652651,8503376784156,ROT_VEC,0.10154418023238967,0.04616906517493029,-0.31891813010708003,0.6067416490698915,5
1761810652651,8503376784156,MAG,10.185815255557554,-17.57703926091088,-7.718200497601442,0.0,5
1761810652672,8503397000265,MAG,34.988592017247306,-25.653788705778236,-14.300581389344329,0.0,5
1761810652672,8503397000265,GYRO,0.03784431038383823,-0.05623910984364022,0.00902205333248338,0.0,5
1761810652672,8503397000265,ACC,-0.9138385597430487,7.194118108684012,4.105375528879082,0.0,5
1761810652672,8503397000265,ROT_VEC,0.3295414950343657,0.6092309856042621,0.045807178183022546,0.4679183316571854,5
1761810652692,8503417216374,ACC,0.041330278283257166,6.004532955491606,5.211135989109038,0.0,5
1761810652692,8503417216374,GYRO,0.04166259268621059,-0.013380534492723846,0.0164469351278842,0.0,5
1761810652692,8503417216374,MAG,22.365067754311454,-33.2001688330656,-12.394784564767532,0.0,5
1761810652692,8503417216374,ROT_VEC,0.24187574884322868,0.5282722660813616,-0.37262192025022245,0.29668535460417034,5
1761810652712,8503437432483,GYRO,0.04599435572714756,0.043355306083771604,-0.004302903859636786,0.0,5
1761810652712,8503437432483,ACC,-1.0353625492865077,4.7757116353229385,3.0910112189866012,0.0,5
1761810652712,8503437432483,MAG,13.523310551173745,-2.970200966524252,-11.302291290754136,0.0,5
1761810652712,8503437432483,ROT_VEC,0.4267900539724708,0.039893027646343636,0.03821504957973666,0.4106242969180888,5
1761810652732,8503457648593,ROT_VEC,0.28012172026461685,-0.028687993898962726,-0.3537356660522196,0.24441143568043486,5
1761810652732,8503457648593,ACC,-1.9003498814173576,7.556988769303509,5.032393092094916,0.0,5
1761810652732,8503457648593,GYRO,0.0005332144205714463,0.025344839659778642,0.0037822923647760085,0.0,5
1761810652732,8503457648593,MAG,4.586362875113027,-27.82767263728574,-15.741151478434503,0.0,5
1761810652753,8503477864702,GYRO,-0.045136745659675154,-0.027582633208419263,-0.011027948171312786,0.0,5
1761810652753,8503477864702,ROT_VEC,0.28250482884785455,0.38527254321251136,-0.2806575011708664,0.25494866681288036,5
1761810652753,8503477864702,ACC,-1.8934691079802473,8.135893745096164,4.132223085256726,0.0,5
1761810652753,8503477864702,MAG,1.5832280251752842,-52.75943914644793,-26.290395295954422,0.0,5
1761810652773,8503498080811,MAG,-8.05590463208501,-35.43296683255382,-16.39510678497662,0.0,5
1761810652773,8503498080811,ROT_VEC,0.12124246435333885,-0.2898927853656048,0.6343027345237776,0.5655460578511748,5
1761810652773,8503498080811,GYRO,0.03971825488730468,-0.1793095091738984,-0.01402974099036282,0.0,5
1761810652773,8503498080811,ACC,-0.23762155855392206,9.770868612048805,5.02821198317952,0.0,5
1761810652793,8503518296920,MAG,11.329351045202332,-28.27263847855317,-9.691413835667317,0.0,5
1761810652793,8503518296920,ROT_VEC,0.2530471750284308,0.21875067166828233,-0.007154340929664535,0.7047501208541687,5
1761810652793,8503518296920,ACC,-0.7494352532998388,8.687941346603047,4.974684632389907,0.0,5
1761810652793,8503518296920,GYRO,0.013471672621733924,-0.051980910369258206,-0.013493470959139112,0.0,5
1761810652813,8503538513029,ROT_VEC,0.23278041222364018,0.010250040754257644,-0.49323518334930766,0.49290312686939014,5
1761810652813,8503538513029,ACC,-0.2794092239795693,8.485079178502804,4.309565918879876,0.0,5
1761810652813,8503538513029,GYRO,-0.03631935206829651,0.008906430275749572,0.008716057483934,0.0,5
1761810652813,8503538513029,MAG,23.28806487501648,-14.02612897860339,-19.816169351832606,0.0,5
1761810652833,8503558729138,MAG,-0.5366371048088476,-42.10639964512745,-16.01797374869386,0.0,5
1761810652833,8503558729138,ROT_VEC,0.168485104842609,-0.3456819449279471,0.781448746967383,0.2943149386574143,5
1761810652833,8503558729138,ACC,-0.32731411063467014,8.542409638197835,5.486109003565473,0.0,5
1761810652833,8503558729138,GYRO,0.04394573329805413,-0.07402813881602237,-0.0005092825236579371,0.0,5
1761810652854,8503578945247,MAG,3.4519451386581195,-39.8181121011249,-2.5161175500190733,0.0,5
1761810652854,8503578945247,ROT_VEC,0.2591354112211007,-0.14937484222173486,-0.8662543919861629,0.39172176651880336,5
1761810652854,8503578945247,ACC,-1.0950184778598497,8.733602994668201,5.133132738730482,0.0,5
1761810652854,8503578945247,GYRO,0.042288501873168176,-0.12292417720956259,0.027034976562831103,0.0,5
1761810652874,8503599161356,MAG,-27.27131057260206,-15.814565231665547,-21.715259325396215,0.0,5
1761810652874,8503599161356,ROT_VEC,0.18259422536188433,0.4035271032545085,-0.05602898792255587,0.1223072370673148,5
1761810652874,8503599161356,GYRO,0.02115355430845193,0.07492180809498543,-0.004135728244942357,0.0,5
1761810652874,8503599161356,ACC,-0.7045523184560692,8.874393300241783,6.547729406103642,0.0,5
1761810652894,8503619377465,ROT_VEC,0.3217569628189744,-0.3401773597279167,0.1049100070475156,0.1638779503980561,5
1761810652894,8503619377465,MAG,0.9016083659003229,-29.82185999760966,-6.204029085247656,0.0,5
1761810652894,8503619377465,ACC,-0.25816316590155,9.192714618574692,4.549047348239799,0.0,5
1761810652894,8503619377465,GYRO,0.006687213597757507,-0.14866158646263897,0.00928776337274802,0.0,5
1761810652914,8503639593574,ROT_VEC,0.09080417738048105,-0.03586101340670353,-0.6216270910236433,0.48278731503554867,5
1761810652914,8503639593574,MAG,24.942867370315646,-26.920169638195752,-7.437683697404393,0.0,5
1761810652914,8503639593574,ACC,-0.7596758273683175,8.46860217965885,6.545233571406776,0.0,5
1761810652914,8503639593574,GYRO,-0.08533764072273486,0.043035986172315334,0.0014780618026733281,0.0,5
1761810652934,8503659809683,MAG,30.83296646962448,-20.143026905519623,-13.660135597869612,0.0,5
1761810652934,8503659809683,GYRO,-0.0009939586835183561,0.03300301401924279,0.025479563810166084,0.0,5
1761810652934,8503659809683,ROT_VEC,0.3669561119286111,-0.021297975629466857,-0.17474606682389082,0.4767120499043201,5
1761810652934,8503659809683,ACC,-2.212110436222199,4.700486674432448,6.270059153618767,0.0,5
1761810652955,8503680025793,MAG,21.889265640071315,-20.855249185268978,-23.803509586221413,0.0,5
1761810652955,8503680025793,GYRO,-0.030882021806506323,0.14780623096666493,0.00015496843255275589,0.0,5
1761810652955,8503680025793,ACC,-0.40398151515498393,8.106030507747748,6.140303022573571,0.0,5
1761810652955,8503680025793,ROT_VEC,0.34397257770835077,-0.28393099911020886,-0.3433455018269461,0.4937331520969272,5
1761810652975,8503700241902,GYRO,-0.12299576308049068,-0.10096734079179229,-0.011174834856493426,0.0,5
1761810652975,8503700241902,MAG,-24.713364960277865,-15.517704806524037,-13.529843795229466,0.0,5
1761810652975,8503700241902,ACC,-0.6573460926847238,8.526070602545555,6.145497954772881,0.0,5
1761810652975,8503700241902,ROT_VEC,0.08806297702470338,-0.25512804633914343,-1.4681905393144126,0.31680409220265854,5
1761810652995,8503720458011,MAG,-11.551362123607538,-25.482503615822424,-18.764108072003474,0.0,5
1761810652995,8503720458011,GYRO,-0.06011663459193011,0.056932461323282724,0.009421187908169456,0.0,5
1761810652995,8503720458011,ACC,-0.12111042538340244,8.700240184892495,2.560541538238224,0.0,5
1761810652995,8503720458011,ROT_VEC,0.11117610747612575,-0.5218236454138443,-0.6095425535504115,-0.03476923440733839,5
1761810653015,8503740674120,MAG,22.108763780141537,-12.762445483852773,-14.510066629736391,0.0,5
1761810653015,8503740674120,ACC,0.010887266484288893,7.83711810751049,6.12446599123936,0.0,5
1761810653015,8503740674120,GYRO,0.04645594354705206,0.11114054557658565,-0.034987201767427076,0.0,5
1761810653015,8503740674120,ROT_VEC,0.12936090567752645,-0.026430156845657887,-1.1097353654783157,0.2936770417108812,5
1761810653036,8503760890229,ROT_VEC,0.21742304787561706,0.8573169097051039,-1.167693670068867,0.18011515362867436,5
1761810653036,8503760890229,MAG,30.63650340498393,-24.38264608647359,-9.856748033955313,0.0,5
1761810653036,8503760890229,GYRO,-0.04801776449564268,-0.11537623000318037,0.02703676268331931,0.0,5
1761810653036,8503760890229,ACC,-0.04479293133499958,7.815673774854581,5.248819396474119,0.0,5
1761810653056,8503781106338,ACC,-0.1844615082881398,7.657913684411974,3.847857305634281,0.0,5
1761810653056,8503781106338,MAG,23.094802496980016,-52.32831851395862,-23.22150593881062,0.0,5
1761810653056,8503781106338,GYRO,-0.10080506456713482,0.07513713918079312,0.017759132237320223,0.0,5
1761810653056,8503781106338,ROT_VEC,-0.0016966687425707672,0.2694501269017256,0.3417190463155517,0.528219971910809,5
1761810653076,8503801322447,GYRO,-0.028718922893184395,-0.05807185327599709,-0.012817900460603732,0.0,5
1761810653076,8503801322447,ROT_VEC,0.03413620335929822,0.25432549663010984,-0.761946416380762,0.1585080836083694,5
1761810653076,8503801322447,ACC,-0.5558957769262285,8.103239238000526,4.42490720445137,0.0,5
1761810653076,8503801322447,MAG,18.189942598800833,-54.851445808854194,-22.76561694566418,0.0,5
1761810653096,8503821538556,MAG,29.97293234254342,-50.225234597011095,-10.668125121145724,0.0,5
1761810653096,8503821538556,GYRO,0.06517476371234794,-0.0023169409178946856,0.009877949215828234,0.0,5
1761810653096,8503821538556,ROT_VEC,0.4567122235332617,-0.022753180470210826,0.4481966084373906,0.5537365416009588,5
1761810653096,8503821538556,ACC,0.12023676906579497,7.506758826281461,5.152654280860332,0.0,5
1761810653116,8503841754665,GYRO,-0.03122342629117339,-0.016897591421553997,-0.0024123462264630468,0.0,5
1761810653116,8503841754665,ACC,-0.4994604734417092,9.125431940811485,4.228883488283019,0.0,5
1761810653116,8503841754665,MAG,21.69905852042221,-8.037748983080888,-6.829657342733977,0.0,5
1761810653116,8503841754665,ROT_VEC,0.27314528868138477,0.11575430376183869,0.4165298632233532,0.5432416805487249,5
1761810653137,8503861970774,ACC,-1.3719229251878233,9.975606400623645,8.22041470326456,0.0,5
1761810653137,8503861970774,ROT_VEC,0.14400901729736004,0.5670978742873948,0.5155139730532905,0.1899628020798176,5
1761810653137,8503861970774,GYRO,-0.055616562820530874,-0.05318825866876434,0.002027326411910578,0.0,5
1761810653137,8503861970774,MAG,-2.734291561711056,-24.192084455209898,-14.24439232484765,0.0,5
1761810653157,8503882186883,ACC,-0.7696145608226669,8.341546476621893,4.167592110344631,0.0,5
1761810653157,8503882186883,ROT_VEC,0.15315554908842732,0.3632327261438653,0.8801931832525777,0.02404750019537641,5
1761810653157,8503882186883,GYRO,0.09975510959027717,-0.12647705375626028,-0.013740366788916656,0.0,5
1761810653157,8503882186883,MAG,0.5037636409339525,-31.782313446043418,-24.28043111685364,0.0,5
1761810653177,8503902402993,GYRO,0.06781029068193188,-0.06741543722491082,0.0022232615934949674,0.0,5
1761810653177,8503902402993,ACC,-0.008365144286516621,6.417309566283906,5.119703399971507,0.0,5
1761810653177,8503902402993,ROT_VEC,0.24767928105180964,-0.2810029624697615,-0.9936939073175878,0.5618869993568256,5
1761810653177,8503902402993,MAG,-31.476947466035732,-42.171719184611135,-8.00046700612499,0.0,5
1761810653197,8503922619102,MAG,10.702422340990754,-28.555437329018567,-21.661767999877437,0.0,5
1761810653197,8503922619102,ROT_VEC,0.3747343473919496,0.48760199031325013,-0.7982890117279082,0.8086570174718533,5
1761810653197,8503922619102,GYRO,-0.015774305263278117,-0.008208926097375509,0.01375401439871879,0.0,5
1761810653197,8503922619102,ACC,-0.4408913886555063,8.067870633218352,3.9372241464818485,0.0,5
1761810653218,8503942835211,ROT_VEC,0.3075020896728957,-0.30202933602206894,-0.030016125850234124,0.2247879177005162,5
1761810653218,8503942835211,GYRO,-0.00554440028772616,-0.11325695029425503,-0.017189975403131365,0.0,5
1761810653218,8503942835211,MAG,31.995630079194786,-20.309931882160363,-13.069090508820638,0.0,5
1761810653218,8503942835211,ACC,-0.9713588549972573,8.637887521616106,5.2464395061230205,0.0,5
1761810653238,8503963051320,GYRO,0.0781177443511697,-0.010033894716053995,-0.017639812218393332,0.0,5
1761810653238,8503963051320,MAG,-29.83656397396487,-40.70909686450758,-7.955377313152517,0.0,5
1761810653238,8503963051320,ACC,-1.1277153113432359,6.176987967893371,6.483333395056381,0.0,5
1761810653238,8503963051320,ROT_VEC,0.10826533797666146,0.3273187660119291,-0.1542341858432529,0.7116002762425889,5
1761810653258,8503983267429,GYRO,0.03080497641835261,-0.10816369895069183,0.03286141015276219,0.0,5
1761810653258,8503983267429,ROT_VEC,0.31028664720122257,0.45865155000660807,0.5500288641998734,0.42827316768313306,5
1761810653258,8503983267429,ACC,-1.0675763153097284,8.684953292000403,4.24586829508453,0.0,5
1761810653258,8503983267429,MAG,1.095905336689151,-34.56970707196135,-11.620067357924341,0.0,5
1761810653278,8504003483538,GYRO,-0.0049119538364483985,-0.14952896621386752,0.01242648041369912,0.0,5
1761810653278,8504003483538,ROT_VEC,0.30183078626130055,-0.2812071315570553,-0.1560972522531456,0.6522046402234942,5
1761810653278,8504003483538,MAG,33.87613117377723,-37.47281991849758,-20.169010897265885,0.0,5
1761810653278,8504003483538,ACC,-0.14210682277194106,5.546037787378793,5.412346641495071,0.0,5
1761810653298,8504023699647,MAG,18.76505560407085,-33.19230695380909,-11.569663646914933,0.0,5
1761810653298,8504023699647,ACC,0.40590325099126046,7.376535969324553,5.356201538998862,0.0,5
1761810653298,8504023699647,GYRO,-0.011025731188357734,-0.21693933209679817,0.05121610917404736,0.0,5
1761810653298,8504023699647,ROT_VEC,0.22770463296949164,-0.10207236896588137,0.09237364431559336,0.5145791061053585,5
1761810653484,8504209681712,ACC,-0.1292311496074223,0.03392755961300988,-0.1290278431742147,0.0,
1761810653484,8504209681712,MAG,0.035580291081510555,-0.07580871660188357,0.006685760726860875,0.0,
1761810653484,8504209681712,GYRO,-0.09876243048539596,-0.16297621598755263,-0.09377787202490893,0.0,
1761810653484,8504209681712,ROT_VEC,-0.008245556406114159,0.050692048491133936,-0.04843625511491219,0.0,
1761810653670,8504395663778,ACC,-0.01385858788178096,6.688193087742262,6.946665388710827,0.0,7
1761810653670,8504395663778,ROT_VEC,0.2402182542289621,-0.03977969719123607,0.6887568277725497,0.5969666808120928,7
1761810653670,8504395663778,GYRO,-0.05149394300128568,-0.03524637253597293,0.01647643024240491,0.0,7
1761810653670,8504395663778,MAG,6.523977874921597,-13.351482533591593,-8.169424043111857,0.0,7
1761810653691,8504415841391,ROT_VEC,0.23098540864819625,-0.18884514727181156,0.4455115730676434,0.5400641548118206,7
1761810653691,8504415841391,MAG,14.107992764076718,-20.621483393185592,-8.433804821302438,0.0,7
1761810653691,8504415841391,GYRO,-0.06768134391960452,-0.07416106440339998,0.00010171461633626429,0.0,7
1761810653691,8504415841391,ACC,-0.24660915039939585,8.847525215818072,4.21157680861603,0.0,7
1761810653711,8504436019004,MAG,17.922681279915253,-14.701844735985787,-12.689209289323884,0.0,7
1761810653711,8504436019004,GYRO,-0.07612368932866755,-0.05504194307526465,0.0031774334018332753,0.0,7
1761810653711,8504436019004,ROT_VEC,0.3517837966192267,0.20430525202693617,0.15468250832263478,0.6037501970889854,7
1761810653711,8504436019004,ACC,-1.814333267564079,7.392736256690029,4.418500164431004,0.0,7
1761810653731,8504456196617,MAG,14.604961744944408,-48.50099636716114,-9.586851781090393,0.0,7
1761810653731,8504456196617,ACC,-1.897252289394403,7.466164576185887,3.5368309032770773,0.0,7
1761810653731,8504456196617,ROT_VEC,0.36833269489043863,-0.08026175469266238,-0.78444988364699,0.5734962134909859,7
1761810653731,8504456196617,GYRO,-0.020274978732513927,0.02959659342874552,0.011439275934375213,0.0,7
1761810653751,8504476374230,ROT_VEC,0.21635392241838555,-0.05913334432008069,0.13673104137730527,0.4741582987777967,7
1761810653751,8504476374230,ACC,-1.4959144045740707,9.270230879728057,5.220395167297916,0.0,7
1761810653751,8504476374230,GYRO,0.06788234887770306,-0.12839767931320878,0.02405732687319077,0.0,7
1761810653751,8504476374230,MAG,24.654923002727394,-40.437203516270614,-20.104435297204766,0.0,7
1761810653771,8504496551843,GYRO,0.08006329200957672,-0.06323532571367071,-0.00922213912290037,0.0,7
1761810653771,8504496551843,ROT_VEC,0.11663122163959988,0.3406121088506623,-1.2589579165388702,0.5682208578963526,7
1761810653771,8504496551843,ACC,-0.8523304708899819,10.202871573506007,2.862232100423758,0.0,7
1761810653771,8504496551843,MAG,4.112956923793613,-29.42349616515639,-11.210129344285287,0.0,7
1761810653791,8504516729456,GYRO,-0.03407497373040644,0.0355479083402578,-0.01382746003973261,0.0,7
1761810653791,8504516729456,ROT_VEC,0.2984420634865894,-0.00956743088137281,-1.242520529353263,0.3170386070360498,7
1761810653791,8504516729456,MAG,-4.48920354068332,-24.740522896182274,-19.59138702755028,0.0,7
1761810653791,8504516729456,ACC,-1.9442237134446296,9.630638606197651,5.196745135760016,0.0,7
1761810653812,8504536907068,MAG,29.07314447943019,-13.122316246644099,-15.489694661343087,0.0,7
1761810653812,8504536907068,GYRO,-0.009606287153668664,-0.00950284884355284,0.030071811881102743,0.0,7
1761810653812,8504536907068,ROT_VEC,0.24610777114397958,0.6317181791119519,-1.0983820768789243,0.37470036596973777,7
1761810653812,8504536907068,ACC,-0.8916958802238028,8.049751706765159,4.820260002454862,0.0,7
1761810653832,8504557084681,MAG,71.23127851840826,-35.19055617935359,-19.54827381983034,0.0,7
1761810653832,8504557084681,GYRO,-0.03111551279475376,0.0671662218672332,-0.013279211595478062,0.0,7
1761810653832,8504557084681,ROT_VEC,0.16133618091242571,-0.2571121822386386,0.7935936417032224,0.47088080502819507,7
1761810653832,8504557084681,ACC,-2.1987960708707712,9.619518030833675,5.454906766514372,0.0,7
1761810653852,8504577262294,ACC,-0.9575500652751332,9.100306063847892,5.948809726394399,0.0,7
1761810653852,8504577262294,ROT_VEC,0.351429332232047,0.38505635618467626,0.36251296214977147,0.7685884302274418,7
1761810653852,8504577262294,GYRO,0.0822397237677518,0.01929137486252766,-0.024879687046183235,0.0,7
1761810653852,8504577262294,MAG,10.14098128595959,-23.336018983068797,-19.315058357048486,0.0,7
1761810653872,8504597439907,ROT_VEC,0.19931754531219872,-0.13294916718671942,-0.25078886021940927,0.5363598036840875,7
1761810653872,8504597439907,GYRO,-0.03687286722264581,0.09873623181816457,-0.019537710700325103,0.0,7
1761810653872,8504597439907,MAG,3.3923773191510964,-41.952585061245394,-5.735972297981425,0.0,7
1761810653872,8504597439907,ACC,0.576947643635061,9.541912670024233,5.9988900327426995,0.0,7
1761810653892,8504617617520,ACC,-0.29016149315077044,8.403239588169585,3.1902969106495753,0.0,7
1761810653892,8504617617520,MAG,20.785354641689814,-11.673992294092333,-18.480733068472052,0.0,7
1761810653892,8504617617520,ROT_VEC,0.2814657488940149,0.008325911064311318,-0.6470182724218213,0.6838423407713982,7
1761810653892,8504617617520,GYRO,0.04437793561442788,-0.16913441063637938,0.008437687056551707,0.0,7
1761810653912,8504637795133,ACC,-0.4804769845964066,10.620747594975548,5.076172451702248,0.0,7
1761810653912,8504637795133,ROT_VEC,0.3607199687989935,-0.2421066030523469,0.453688662318971,-0.1637984612572327,7
1761810653912,8504637795133,MAG,21.390465937836115,-43.035718683376864,-26.17054231763801,0.0,7
1761810653912,8504637795133,GYRO,0.056892767078232376,-0.08143721777663783,-0.01609685923850964,0.0,7
1761810653933,8504657972746,GYRO,0.04465495154529803,0.06027339491855188,-0.021855482427295396,0.0,7
1761810653933,8504657972746,ACC,-1.0617151283179638,7.959381351631242,5.139484478498853,0.0,7
1761810653933,8504657972746,MAG,25.667882151105907,-38.69865781480128,-10.979045401649346,0.0,7
1761810653933,8504657972746,ROT_VEC,0.26234730952081015,0.08756307253593233,0.14812514848705965,0.34316468611082224,7
1761810653953,8504678150359,GYRO,-0.054471560693913026,-0.1459053195167475,-0.0020049928245897387,0.0,7
1761810653953,8504678150359,MAG,3.176711262605601,-47.413138960550434,-12.458870908303325,0.0,7
1761810653953,8504678150359,ACC,-0.6339971819353134,8.053398344794772,4.845159253544785,0.0,7
1761810653953,8504678150359,ROT_VEC,0.1903759840285053,0.4859353092000726,-0.5235987170619508,0.2941985336741102,7
1761810653973,8504698327972,MAG,19.213516792873133,-36.50660591878417,-10.47642430063888,0.0,7
1761810653973,8504698327972,ACC,-2.14336535728345,7.754150448488694,5.311600877548841,0.0,7
1761810653973,8504698327972,GYRO,0.050962571860076016,-0.09700296070776211,-0.036280335283189094,0.0,7
1761810653973,8504698327972,ROT_VEC,0.2238292295372086,0.2753861181131192,-0.8205298543249404,0.9055078275822208,7
1761810653993,8504718505585,GYRO,0.016472331304373505,-0.08253375925487177,-0.00687265353792094,0.0,7
1761810653993,8504718505585,MAG,-9.762786100349699,-15.995960151990086,-13.647387491532463,0.0,7
1761810653993,8504718505585,ACC,0.03300856728306817,6.842053998352837,5.572558261380969,0.0,7
1761810653993,8504718505585,ROT_VEC,0.4207044677443872,-0.2986317760666717,-0.940442309006868,0.3535610346404977,7
1761810654013,8504738683198,GYRO,0.07075659816233912,-0.15135539919106172,0.02265482683800535,0.0,7
1761810654013,8504738683198,ROT_VEC,0.2917383239482238,0.21933963580381813,-0.3028398133271756,0.3733227942767521,7
1761810654013,8504738683198,MAG,-10.557199694886556,-24.978831167485737,-17.47041543986178,0.0,7
1761810654013,8504738683198,ACC,-1.2753947031166795,8.66904405211473,4.530512475562109,0.0,7
1761810654034,8504758860811,GYRO,0.012743155618165823,-0.11595972262392426,-0.014043120121198464,0.0,7
1761810654034,8504758860811,ROT_VEC,0.21234246761088788,0.15514509755893952,0.4795047892906754,0.4664845522632189,7
1761810654034,8504758860811,ACC,-1.3152698355116839,7.59257927869336,3.3518999747731972,0.0,7
1761810654034,8504758860811,MAG,9.948726136761966,-17.205997576056447,-1.1887711244220602,0.0,7
1761810654054,8504779038424,GYRO,-0.03746163569330316,0.13297491975929399,0.01673722335085448,0.0,7
1761810654054,8504779038424,ROT_VEC,0.20231388934558017,0.26351724886081695,-0.23854510113773977,0.3551422050998507,7
1761810654054,8504779038424,ACC,-1.7459472388978707,6.025235299610927,6.595795307789856,0.0,7
1761810654054,8504779038424,MAG,0.6522346617746986,-18.357186598840986,-19.981759249576474,0.0,7
1761810654074,8504799216037,ACC,-1.023979688424405,8.110347694704192,3.9522158831586847,0.0,7
1761810654074,8504799216037,ROT_VEC,0.4379176216500203,-0.29699417584451226,0.5703316764100339,0.488607525632326,7
1761810654074,8504799216037,MAG,12.539933678954503,-17.264338284372002,-9.30402076684366,0.0,7
1761810654074,8504799216037,GYRO,0.06732322085099547,-0.01703182224965359,-0.014615666144149157,0.0,7
1761810654094,8504819393650,ACC,-1.7601506428742337,6.5536352736372265,4.846147491948482,0.0,7
1761810654094,8504819393650,MAG,-0.5836584538778586,-31.872814794705906,-16.941236950207497,0.0,7
1761810654094,8504819393650,GYRO,0.043918456898956265,-0.11775623097925356,0.009779882204403442,0.0,7
1761810654094,8504819393650,ROT_VEC,0.25758976269135675,0.03052583663782612,1.0759273805891627,0.1474498282622571,7
1761810654114,8504839571263,MAG,11.105746338930366,-12.573942201856175,-9.302792530142755,0.0,7
1761810654114,8504839571263,ROT_VEC,0.2850988617292064,-0.7038898547589841,-0.11743369014324705,0.2616511742862247,7
1761810654114,8504839571263,GYRO,-0.028173023954192758,-0.10732610995096496,0.026086496340831544,0.0,7
1761810654114,8504839571263,ACC,0.001978886559586862,6.050562699323158,3.2284964820330457,0.0,7
1761810654134,8504859748876,ROT_VEC,0.4817012082321639,0.2766736171801818,-0.0909882665459163,0.6326760081126533,7
1761810654134,8504859748876,GYRO,-0.06656691919536817,-0.25510295258406246,-0.023632993917505396,0.0,7
1761810654134,8504859748876,ACC,-0.8951501240703758,7.4043136032506,4.700515317399192,0.0,7
1761810654134,8504859748876,MAG,0.5427856879551238,-7.356075160070713,-11.802676291106161,0.0,7
1761810654155,8504879926489,GYRO,-0.04441775975165189,-0.20058870382836627,-0.0025023695757727584,0.0,7
1761810654155,8504879926489,ACC,-2.356501721613192,7.392954460199372,5.477869455414998,0.0,7
1761810654155,8504879926489,ROT_VEC,0.3443844573284927,-0.2710830053090211,-0.21304252397375428,0.36421264886670085,7
1761810654155,8504879926489,MAG,0.10401355683517899,-10.357218882205968,-23.766067182473577,0.0,7
1761810654175,8504900104102,MAG,16.434930660796898,4.594128111620736,-32.07416566010279,0.0,7
1761810654175,8504900104102,ACC,-1.2136267359104898,8.243813732851665,5.024607413959159,0.0,7
1761810654175,8504900104102,ROT_VEC,0.19299072484592356,0.0008981504751433972,0.5145444502078478,0.500114929231578,7
1761810654175,8504900104102,GYRO,0.04942515076017001,-0.06592181637482164,0.019286787097938896,0.0,7
1761810654195,8504920281715,MAG,38.98693222545593,-31.257637617400132,-18.085257395159733,0.0,7
1761810654195,8504920281715,ROT_VEC,0.3579414584976644,-0.35018347260971067,-1.1355496733826036,0.5883055734100047,7
1761810654195,8504920281715,ACC,-0.8572557320742965,8.435851000809464,3.641248349517769,0.0,7
1761810654195,8504920281715,GYRO,-0.01212020023951749,0.0725990897014957,-0.007225543096234012,0.0,7
1761810654215,8504940459328,ACC,-0.9716721722429299,7.514720923782403,5.750127739307908,0.0,7
1761810654215,8504940459328,GYRO,-0.02155777790005271,-0.03823119436252781,0.02003547516845549,0.0,7
1761810654215,8504940459328,ROT_VEC,0.19523322937502804,0.8694918104676709,-1.6400212165819723,0.5508203894705176,7
1761810654215,8504940459328,MAG,32.77920759850183,-31.239595211016788,-25.5274023872563,0.0,7
1761810654235,8504960636941,MAG,22.948517289876417,-29.72515404971427,-23.266242725842766,0.0,7
1761810654235,8504960636941,GYRO,-0.07461062002030198,-0.08059655325162972,0.014351761907116187,0.0,7
1761810654235,8504960636941,ROT_VEC,0.15160334406320913,-0.31637208710831727,0.5736247007366351,0.6780655274779777,7
1761810654235,8504960636941,ACC,-0.9125845134360778,7.004434992088502,4.8885215106064,0.0,7
1761810654255,8504980814554,MAG,15.641835218352275,-16.51829289643646,-14.511000025428881,0.0,7
1761810654255,8504980814554,ROT_VEC,0.23651301038733724,0.1523237824210516,0.17147109011196673,0.4097670941717864,7
1761810654255,8504980814554,ACC,-1.1073397354162313,8.092402369795462,5.415713051559411,0.0,7
1761810654255,8504980814554,GYRO,-0.04095406672538561,0.05707238118599482,0.02890377872601145,0.0,7
1761810654276,8505000992167,MAG,18.18040788057111,-16.802418353199062,-15.206802164137525,0.0,7
1761810654276,8505000992167,GYRO,-0.05955413405578341,-0.14178814396564723,-0.011540933509207721,0.0,7
1761810654276,8505000992167,ROT_VEC,0.10507881197488728,0.3070479503818174,0.9104934284179579,0.4865278088744893,7
1761810654276,8505000992167,ACC,-0.3819642833531951,8.371595528476231,6.51053960707584,0.0,7
1761810654296,8505021169780,ROT_VEC,0.20418223945457878,-0.066578431844378,0.7207452956904636,0.20542199967623614,7
1761810654296,8505021169780,ACC,-2.43228484953636,6.281058790883408,3.4159813348789854,0.0,7
1761810654296,8505021169780,MAG,22.035076313991663,-35.668261586230486,-14.069908162520214,0.0,7
1761810654296,8505021169780,GYRO,-0.00873127483360732,-0.0860842635211303,0.015499669994448979,0.0,7
1761810654316,8505041347393,ACC,-1.1273184700154875,6.1761880157639455,5.234480190668168,0.0,7
1761810654316,8505041347393,MAG,14.347034840386765,-19.401750633291954,-20.43465024131556,0.0,7
1761810654316,8505041347393,GYRO,-0.011724301958299058,-0.048266715129811615,-0.021672157904924282,0.0,7
1761810654316,8505041347393,ROT_VEC,0.22717666791713775,0.3945516985240188,0.44260327447096576,0.3351350488636184,7
1761810654336,8505061525006,MAG,37.68751041822063,-29.344671467896838,-20.616808557236695,0.0,7
1761810654336,8505061525006,ROT_VEC,0.1983675871365305,0.14559474352432297,0.48369176870782604,0.5066106922743318,7
1761810654336,8505061525006,GYRO,-0.045167010604221826,-0.016394505346417766,-0.0019713709670356383,0.0,7
1761810654336,8505061525006,ACC,-1.4690218419017858,4.034162481931097,5.082839890351472,0.0,7
1761810654356,8505081702619,GYRO,-0.02766710307655047,0.005208332612435208,-0.004400536610554582,0.0,7
1761810654356,8505081702619,ROT_VEC,0.1609838823967419,-0.0013788253100133624,1.089795304525827,0.5666824288184061,7
1761810654356,8505081702619,MAG,21.748739138896372,-33.85546960488068,-23.97785337067869,0.0,7
1761810654356,8505081702619,ACC,-1.0736289017800802,8.456531120284122,4.244485491040177,0.0,7
1761810654377,8505101880232,GYRO,0.0510428688064549,-0.0029560794472364357,-0.018034349082542277,0.0,7
1761810654377,8505101880232,MAG,21.629408576407982,-13.363100275640086,-8.688904045763861,0.0,7
1761810654377,8505101880232,ACC,-0.9544605977068181,7.469075382601934,5.516411966360181,0.0,7
1761810654377,8505101880232,ROT_VEC,0.20762016601253533,0.40307069753286706,0.39283748207940417,0.6013149055466002,7
1761810654397,8505122057845,ACC,-1.1697194596588796,7.6299491188127595,4.177525504152172,0.0,7
1761810654397,8505122057845,GYRO,-0.06479626014716451,0.004336780324853542,-0.022700753337873768,0.0,7
1761810654397,8505122057845,ROT_VEC,0.18782378377299735,-0.26899987573282924,-0.045392120773615194,0.13987363838421427,7
1761810654397,8505122057845,MAG,16.676102033238514,-37.126438517647514,-16.688496069444298,0.0,7
1761810654417,8505142235458,ACC,-1.4053478416178269,9.991069416388221,4.47819884321487,0.0,7
1761810654417,8505142235458,ROT_VEC,0.29293403411060515,-0.03460988981620142,0.4109919084011496,0.5410191489725311,7
1761810654417,8505142235458,MAG,51.32570989112313,-14.276074864912445,4.60597012803019,0.0,7
1761810654417,8505142235458,GYRO,-0.026175027678918602,0.06909542155881981,0.014389785423488736,0.0,7
1761810654437,8505162413071,ACC,-0.7226590914711769,8.409268662984028,6.352599841264493,0.0,7
1761810654437,8505162413071,MAG,-0.597876708328481,-41.18989278053763,-5.720906589095204,0.0,7
1761810654437,8505162413071,ROT_VEC,0.29400943656830764,-0.0040949751225098415,-1.1374053755484748,0.4271153597954034,7
1761810654437,8505162413071,GYRO,-0.03138601114757339,-0.015128030132063014,0.026878970339883325,0.0,7
1761810654457,8505182590683,ROT_VEC,0.13280306362709107,0.07419273651530765,-0.454709677913376,0.4826123419380883,7
1761810654457,8505182590683,GYRO,-0.07250479964398361,-0.03544231234179937,-0.00332734328701951,0.0,7
1761810654457,8505182590683,MAG,29.06107660050208,-28.87027790985204,-14.654444616839381,0.0,7
1761810654457,8505182590683,ACC,-1.5524805024574926,8.324144643608292,6.427762927987596,0.0,7
1761810654477,8505202768296,MAG,-8.102716243801819,-3.633563424574146,-21.436074286598743,0.0,7
1761810654477,8505202768296,ROT_VEC,0.15732468498333835,-0.29024015531083336,0.8317569175074737,0.4656736800809112,7
1761810654477,8505202768296,GYRO,-0.006113422549514787,-0.016358252585122905,-0.02565504219339682,0.0,7
1761810654477,8505202768296,ACC,-0.885676316779905,7.01704178603934,3.523919759312195,0.0,7
1761810654498,8505222945909,ROT_VEC,0.11360961279224606,-0.6115085823800751,-0.003359357107424521,0.43996870498146534,7
1761810654498,8505222945909,GYRO,-0.050557593964684885,0.2508051880967241,-0.01691615233124261,0.0,7
1761810654498,8505222945909,ACC,-1.3238867054273775,9.981665659383058,4.887432056437039,0.0,7
1761810654498,8505222945909,MAG,14.272375306830897,-57.40314632077657,-5.677661129428899,0.0,7
1761810654518,8505243123522,ROT_VEC,0.25517560901706227,0.048931400205747586,-0.8314409087798826,0.5474577073393503,7
1761810654518,8505243123522,MAG,30.957421535923267,-21.297804751732674,-6.258499789752082,0.0,7
1761810654518,8505243123522,GYRO,0.12196307856688382,-0.147129741371239,-0.0320898844565141,0.0,7
1761810654518,8505243123522,ACC,-1.3312433184611598,6.93426138736369,5.106399193527527,0.0,7
1761810654538,8505263301135,ROT_VEC,0.21018784791392517,0.012987628869204904,2.186396958974572,0.482850091203165,7
1761810654538,8505263301135,MAG,-4.0089778221320245,-35.473747806076496,-6.666698072863142,0.0,7
1761810654538,8505263301135,ACC,-1.4962582421670017,9.547327431362351,5.241604821488527,0.0,7
1761810654538,8505263301135,GYRO,-0.019712448256433306,0.14768195008298393,0.016035875938199436,0.0,7
1761810654558,8505283478748,ROT_VEC,0.254451799627388,-0.2516893244805515,1.0527152443383225,0.5332860394557587,7
1761810654558,8505283478748,MAG,-0.48503810294408733,-49.06781544701098,-24.18426632198333,0.0,7
1761810654558,8505283478748,ACC,-1.4723968511852454,10.495606194121946,4.673323064449557,0.0,7
1761810654558,8505283478748,GYRO,0.007461788993660026,-0.04267254174169688,-0.01379394534697753,0.0,7
1761810654578,8505303656361,ROT_VEC,0.04667985091600749,0.25060929030039786,-0.08775290623071971,0.6697841870043251,7
1761810654578,8505303656361,MAG,-9.502818858687718,-43.020112536976775,-9.653486336618917,0.0,7
1761810654578,8505303656361,ACC,-0.8663831936360746,7.677373436377342,4.6360878579826394,0.0,7
1761810654578,8505303656361,GYRO,-0.03156730154050212,0.07629132798272135,-0.01769003142064607,0.0,7
1761810654599,8505323833974,MAG,-24.72384863078228,-27.614973884669514,-17.603735499556205,0.0,7
1761810654599,8505323833974,ROT_VEC,0.3110727365900057,0.6582924012047893,0.6227699431334234,0.23997958295852878,7
1761810654599,8505323833974,GYRO,0.045056893100985665,0.11310039600977766,0.015677148261630303,0.0,7
1761810654599,8505323833974,ACC,-1.6393667662239886,7.004705456657079,4.973193273404013,0.0,7
1761810654619,8505344011587,GYRO,-0.027700142432539383,0.10389083267012764,-0.026143862601685722,0.0,7
1761810654619,8505344011587,MAG,-15.109899798234226,3.2094184447989225,-14.63966193139271,0.0,7
1761810654619,8505344011587,ACC,-0.9098398878819222,9.070417726514611,5.038896845530687,0.0,7
1761810654619,8505344011587,ROT_VEC,0.3027308314603765,0.10766369486293222,0.34863342363578786,0.3483832984166859,7
1761810654639,8505364189200,ROT_VEC,0.25671658430815325,0.15935378645158438,1.0399815039611717,0.4633264083207014,7
1761810654639,8505364189200,MAG,6.522770085229773,-33.12217112842163,-7.237554979613377,0.0,7
1761810654639,8505364189200,GYRO,0.06829554203538417,-0.40859139559715635,0.014980875716533166,0.0,7
1761810654639,8505364189200,ACC,-0.13084144842835344,8.160048664055228,5.0411209337931515,0.0,7
1761810654659,8505384366813,MAG,4.377922573633753,-16.101495836782643,-20.003827612990314,0.0,7
1761810654659,8505384366813,ROT_VEC,0.19475434330954763,0.10018340559573317,-0.4126816314521864,0.10051556895015484,7
1761810654659,8505384366813,GYRO,0.013942234398163195,-0.05786787723050285,0.040879729415510054,0.0,7
1761810654659,8505384366813,ACC,-0.038830021500073315,7.270914349961426,4.892338086574878,0.0,7
1761810654679,8505404544426,ROT_VEC,0.3209305631390209,-0.09830482350599183,-0.1251262165250232,0.23984769424709834,7
1761810654679,8505404544426,GYRO,0.02116394218453592,-0.2216661913503921,-0.020623285067603664,0.0,7
1761810654679,8505404544426,MAG,1.1034965511722135,-18.567804839027623,-11.919207207369123,0.0,7
1761810654679,8505404544426,ACC,-0.6729316450456648,8.230809454898269,5.191109222910637,0.0,7
1761810654699,8505424722039,GYRO,0.021236038371995655,0.1629794957673524,-0.012786320649477788,0.0,7
1761810654699,8505424722039,MAG,11.246096085067403,-37.270380680604276,-3.001276922328368,0.0,7
1761810654699,8505424722039,ROT_VEC,0.13519249211134388,0.49028466076542876,0.492914283302913,0.5352826309960077,7
1761810654699,8505424722039,ACC,-1.1563361834793437,6.942594994719619,5.361889900667406,0.0,7
1761810654720,8505444899652,ROT_VEC,0.26564286465891856,-0.28865496293795617,-0.5829007504505923,0.7932292897390836,7
1761810654720,8505444899652,MAG,15.789776925627226,-50.750826517311445,-18.379306794087448,0.0,7
1761810654720,8505444899652,GYRO,0.03315741245171051,0.05540906397195184,-0.012379114712802407,0.0,7
1761810654720,8505444899652,ACC,-2.700065367921731,8.142393291658532,5.381470278707909,0.0,7
1761810654740,8505465077265,ROT_VEC,0.1783298615306034,-0.11736983016683618,0.2524655687885941,0.4886293320213022,7
1761810654740,8505465077265,ACC,-2.374609722016501,7.501489671877751,5.114929360715195,0.0,7
1761810654740,8505465077265,GYRO,-0.0693991709444053,-0.13144058528277325,0.008987378956484667,0.0,7
1761810654740,8505465077265,MAG,22.518455021728375,-43.5041257756504,-3.7806263661232027,0.0,7
1761810654760,8505485254878,GYRO,-0.0307391309392401,-0.02599005569957484,-0.04095364512576391,0.0,7
1761810654760,8505485254878,MAG,14.47869313126531,-27.407676126049303,0.15700513824016826,0.0,7
1761810654760,8505485254878,ACC,-1.3232543515251138,7.765632923511539,6.17889464597024,0.0,7
1761810654760,8505485254878,ROT_VEC,0.18412569720856545,0.2680834853615881,0.5659402083880556,0.5233750697909006,7
1761810654780,8505505432491,GYRO,0.04143291065714327,0.017918102346659835,0.0076331884491512335,0.0,7
1761810654780,8505505432491,MAG,-2.3796487724530895,1.9106331516605137,-13.384773337313312,0.0,7
1761810654780,8505505432491,ROT_VEC,0.38104445025536066,0.34436944427631916,0.4476763082809182,0.207826565043137,7
1761810654780,8505505432491,ACC,-1.0019117896274206,9.85819396432715,6.331092403673276,0.0,7
1761810654800,8505525610104,GYRO,0.005144145350973554,0.02873896180246732,-2.2767938208453128e-05,0.0,7
1761810654800,8505525610104,MAG,25.159962986001638,-31.16977433846977,-20.59401897443266,0.0,7
1761810654800,8505525610104,ROT_VEC,0.32013272595179126,-0.21901697217746896,0.24722107573046256,0.984154553866773,7
1761810654800,8505525610104,ACC,-0.1348559078364557,6.957233721698994,4.23624322336801,0.0,7
1761810654820,8505545787717,GYRO,0.03133259564603919,-0.08585157477144552,-0.04804116456734398,0.0,7
1761810654820,8505545787717,ROT_VEC,0.3187805520067907,-0.028745095561711884,0.3516031116171164,0.5085811078740514,7
1761810654820,8505545787717,ACC,-1.156749370736817,7.431139347139765,6.021373512781004,0.0,7
1761810654820,8505545787717,MAG,3.277037857088855,-24.746399159895336,2.8962605923027835,0.0,7
1761810654841,8505565965330,GYRO,0.014234430417515771,-0.08069438677331187,0.016678877232319325,0.0,7
1761810654841,8505565965330,MAG,14.4862015687268,-34.60110114842286,-21.366053839186044,0.0,7
1761810654841,8505565965330,ACC,-0.8682397786068108,8.04180124587013,6.363084280763366,0.0,7
1761810654841,8505565965330,ROT_VEC,0.3650830104801089,0.014961197465230228,0.5846986767072073,0.49155349029301076,7
1761810654861,8505586142943,ROT_VEC,0.14043898944760835,-0.026500383246675637,-0.43568335643082384,0.5438497653174216,7
1761810654861,8505586142943,MAG,28.335792755431093,-22.044849805110672,-24.02555807256808,0.0,7
1761810654861,8505586142943,GYRO,0.015215128774531007,0.010327632995268978,0.032369052364306566,0.0,7
1761810654861,8505586142943,ACC,-1.2735242716467159,8.015883113001218,6.150281859423464,0.0,7
1761810654881,8505606320556,ACC,0.23426511714394846,7.5178477947069355,4.181655793014663,0.0,7
1761810654881,8505606320556,MAG,10.508466929660372,-34.77175951178366,-12.277344645958816,0.0,7
1761810654881,8505606320556,ROT_VEC,0.37152646367145614,0.31644837298108597,-0.2697516179374703,0.18102730458147662,7
1761810654881,8505606320556,GYRO,-0.0073523941387568,-0.10782781726386764,0.0020140648512315244,0.0,7
1761810654901,8505626498169,MAG,23.166985202378115,-24.115695907529666,-21.765400752705325,0.0,7
1761810654901,8505626498169,ACC,-1.8368939020766224,8.429817704992317,4.499841978543731,0.0,7
1761810654901,8505626498169,ROT_VEC,0.1578280598595124,-0.2655149052136493,-0.3454859587987881,0.42725054490061626,7
1761810654901,8505626498169,GYRO,-0.0957816638393927,-0.11055330789840019,3.576073861062443e-05,0.0,7
1761810654921,8505646675782,GYRO,-0.003958007913471374,0.014296669621772218,0.002593618273382295,0.0,7
1761810654921,8505646675782,MAG,20.440261175762945,-30.4386213327024,-16.260216218539544,0.0,7
1761810654921,8505646675782,ROT_VEC,0.18042827955194102,0.24541808775350377,-2.442741258620411,0.3461203603659759,7
1761810654921,8505646675782,ACC,-0.6984424765846272,7.711578509363901,3.6568668260057824,0.0,7
1761810654942,8505666853395,GYRO,-0.03658493827477909,0.07774855914511569,-0.02230805569728935,0.0,7
1761810654942,8505666853395,MAG,27.07489948993113,-9.101823150303556,-9.079053435840812,0.0,7
1761810654942,8505666853395,ROT_VEC,0.24668861132688874,-0.040686859579310515,0.11341333057938494,0.45821972272488354,7
1761810654942,8505666853395,ACC,-0.27016217808863197,5.970434203628943,6.630464487999707,0.0,7
1761810654962,8505687031008,GYRO,0.04184240613366187,-0.08683329427744857,0.026836368816151472,0.0,7
1761810654962,8505687031008,MAG,2.438132276515099,-33.30075923633339,-24.12931666261055,0.0,7
1761810654962,8505687031008,ACC,0.036245619340973007,9.276211002429761,5.134756464477534,0.0,7
1761810654962,8505687031008,ROT_VEC,0.3003412619934059,0.04717964627349066,-0.7420830069986483,0.5772344667513583,7
1761810654982,8505707208621,MAG,19.54514170709777,-38.22786062860716,-7.150233577945449,0.0,7
1761810654982,8505707208621,ROT_VEC,0.3537295355781512,-0.12948468522432677,0.8547767747534727,0.19382064757395062,7
1761810654982,8505707208621,ACC,-0.9626328850041684,7.950767010126111,6.681668300754101,0.0,7
1761810654982,8505707208621,GYRO,0.023811563181434015,-0.09726913283715415,0.015509776007171053,0.0,7
1761810655002,8505727386234,ACC,-1.735569813986857,7.658301948965206,4.6437354082262345,0.0,7
1761810655002,8505727386234,GYRO,0.0024352849221573273,-0.27127900153613826,-0.034135731658413555,0.0,7
1761810655002,8505727386234,ROT_VEC,0.26258896718583513,0.266788306791496,-0.4840443424124664,0.4819043068224726,7
1761810655002,8505727386234,MAG,5.780963123309818,-45.556087488384364,-12.992078635874933,0.0,7
1761810655022,8505747563847,MAG,15.474162431650758,-2.1005810315163522,-18.571869278571295,0.0,7
1761810655022,8505747563847,GYRO,-0.02532493564535089,-0.10343178980596625,0.010233010205076868,0.0,7
1761810655022,8505747563847,ACC,-1.8943230941305236,9.551866243639154,6.486700970876271,0.0,7
1761810655022,8505747563847,ROT_VEC,0.17982238429228029,-0.24693554785478788,0.35951617782198364,0.693149435353933,7
1761810655042,8505767741460,GYRO,-0.013867087876186693,-0.086612448744863,-0.002909450024839548,0.0,7
1761810655042,8505767741460,ACC,-0.1632367112750615,7.966855127915347,5.380061259577467,0.0,7
1761810655042,8505767741460,MAG,18.075124395349995,-25.18658748634492,-7.903354923288416,0.0,7
1761810655042,8505767741460,ROT_VEC,0.23564593797510755,-0.5995097943256913,-0.372620525758416,0.6413155584433654,7
1761810655063,8505787919073,GYRO,0.022137989338573267,0.009352506239232807,0.016894469859857965,0.0,7
1761810655063,8505787919073,ACC,-1.2780707673888756,6.953260310824484,4.173307260160948,0.0,7
1761810655063,8505787919073,MAG,47.007512052069,2.8822546572470595,-19.003653087091017,0.0,7
1761810655063,8505787919073,ROT_VEC,0.3353322793967416,0.04386340179883594,-0.638298868581009,0.5805650381621914,7
1761810655083,8505808096686,ROT_VEC,0.2815992339512061,-0.13449952233692203,-0.11172204746968263,0.36993163290651127,7
1761810655083,8505808096686,MAG,-2.044936347423819,-29.50496363862936,3.499705127263778,0.0,7
1761810655083,8505808096686,GYRO,0.04497689898038461,-0.05916182627632469,0.026915954496366724,0.0,7
1761810655083,8505808096686,ACC,-1.7675730086266128,7.518385297249736,4.017905360428934,0.0,7
1761810655103,8505828274298,MAG,-15.023211942454358,-10.116758789879926,-14.199753573089101,0.0,7
1761810655103,8505828274298,GYRO,0.03139273892767717,-0.07301567264058956,0.00022769012307032477,0.0,7
1761810655103,8505828274298,ROT_VEC,0.2767514064640363,-0.3948003498493483,-0.178302705993283,0.5298738286305169,7
1761810655103,8505828274298,ACC,-0.9976990434615249,9.547777444028663,4.358867750824853,0.0,7
1761810655123,8505848451911,GYRO,-0.058109105220976356,-0.2077058574023969,0.005045573275629383,0.0,7
1761810655123,8505848451911,MAG,-4.076002312910662,-4.068438187776862,-7.857795303683109,0.0,7
1761810655123,8505848451911,ACC,-1.0919757051573404,6.4865926909925244,3.922364266594051,0.0,7
1761810655123,8505848451911,ROT_VEC,0.12112174810100752,0.16465543614495992,-0.13389283095843274,0.23793275853164045,7
1761810655143,8505868629524,MAG,0.48460593826017107,-40.25990217427672,-10.28468789282474,0.0,7
1761810655143,8505868629524,GYRO,-0.052440221440878114,0.15010593003215597,-0.0030116536111541243,0.0,7
1761810655143,8505868629524,ROT_VEC,0.36018524640957605,0.6522832055449156,0.16159929917784027,0.7030870281918504,7
1761810655143,8505868629524,ACC,-1.3797660376564937,8.681711704521744,5.807175432607274,0.0,7
1761810655163,8505888807137,ROT_VEC,0.22375446632179627,0.03390628184195145,0.11183357418502084,0.5716434706842246,7
1761810655163,8505888807137,ACC,-1.2062142729048708,6.3168304005852285,5.433051177668356,0.0,7
1761810655163,8505888807137,MAG,27.905508619744126,-35.041466789816404,-13.892015996735955,0.0,7
1761810655163,8505888807137,GYRO,-0.03242349026189447,0.09640553212595165,0.01927993969623579,0.0,7
1761810655184,8505908984750,ROT_VEC,0.1637289699287211,0.13549583617538438,-0.06795278496392432,0.29772112742959966,7
1761810655184,8505908984750,ACC,-2.211999203361699,7.359901674190582,2.0828683990801866,0.0,7
1761810655184,8505908984750,GYRO,0.035535648596834245,-0.001980951143956647,-0.007570194562891118,0.0,7
1761810655184,8505908984750,MAG,4.218100963104149,-49.25041390002448,-7.411013170976917,0.0,7
1761810655204,8505929162363,MAG,1.140173363181776,-20.280666996055636,6.208320741751687,0.0,7
1761810655204,8505929162363,GYRO,0.06645896286527135,0.041721127150024684,0.03959777347620945,0.0,7
1761810655204,8505929162363,ACC,0.3203293748298663,9.106639369427324,5.11467428122036,0.0,7
1761810655204,8505929162363,ROT_VEC,0.29821526632913903,-0.2737183466880646,-0.26181659959814724,0.21644044712720553,7
1761810655224,8505949339976,MAG,6.9149928321621665,-9.874744629514556,-9.630402447548152,0.0,7
1761810655224,8505949339976,GYRO,-0.043642237548590354,0.035093232942129925,0.001659757729035226,0.0,7
1761810655224,8505949339976,ROT_VEC,0.31241331864919736,0.25826003765537764,-1.1748250858860834,0.5055947196435981,7
1761810655224,8505949339976,ACC,-1.7562819642523813,6.683079039406416,5.434749890894073,0.0,7
1761810655244,8505969517589,GYRO,-0.017002823174135567,-0.17184573497390038,-0.007188316954763305,0.0,7
1761810655244,8505969517589,ACC,-0.3301864540012073,8.178388273413697,4.870884009813502,0.0,7
1761810655244,8505969517589,ROT_VEC,0.31223674489057307,0.3447252677442007,-0.29333823027452893,0.47248788714642004,7
1761810655244,8505969517589,MAG,20.56335990570587,-20.999498251025905,-2.570733100101317,0.0,7
1761810655264,8505989695202,MAG,38.48923112546119,-23.017849073916384,-5.111196710773704,0.0,7
1761810655264,8505989695202,ROT_VEC,0.2926630313088247,0.31696952078701285,0.09464825857671823,0.4702778572161755,7
1761810655264,8505989695202,GYRO,0.026771052110518216,-0.006127141826517954,-0.04595909231558926,0.0,7
1761810655264,8505989695202,ACC,-1.483178244145527,6.750584716559266,4.394086101699194,0.0,7
1761810655285,8506009872815,GYRO,0.0372868217005189,-0.06680435970570535,-0.00031043501266121286,0.0,7
1761810655285,8506009872815,ROT_VEC,0.2781311547222052,0.10292641410242508,0.8289655157194066,0.20898141969881495,7
1761810655285,8506009872815,ACC,-1.5877382962961717,9.771007164700437,3.7321326927958594,0.0,7
1761810655285,8506009872815,MAG,12.962013636701299,-37.478841577562484,5.514695278453702,0.0,7
1761810655305,8506030050428,ACC,-2.1728723845430107,9.605137854647571,6.325032463178807,0.0,7
1761810655305,8506030050428,ROT_VEC,0.17472363542277777,-0.1586403368953985,0.6127697212764314,0.29433571177941037,7
1761810655305,8506030050428,MAG,23.363737466562693,0.2291121893765875,-1.6450209895088648,0.0,7
1761810655305,8506030050428,GYRO,0.04944034771041362,-0.10451447374961051,-0.005237549792330117,0.0,7
1761810655325,8506050228041,ROT_VEC,0.4112760168298667,-0.46268426752398556,0.2568605901086607,0.6069973421388186,7
1761810655325,8506050228041,GYRO,-0.049169533789800574,-0.047485382195987864,0.025536575489079612,0.0,7
1761810655325,8506050228041,ACC,-2.3198092157634007,7.231049663484823,5.952436450922942,0.0,7
1761810655325,8506050228041,MAG,21.91786750757875,-21.93178689310003,-11.718210420626281,0.0,7
1761810655345,8506070405654,ROT_VEC,0.1614861528770841,0.20277454136455614,-0.3625908892128228,0.48749407117840976,7
1761810655345,8506070405654,GYRO,0.020591822430249665,0.09930898972148462,-0.020633796847727932,0.0,7
1761810655345,8506070405654,ACC,-1.3885540311976425,7.971324210215377,4.6688800786480975,0.0,7
1761810655345,8506070405654,MAG,32.6870844724982,-26.910004199828,-18.14531149179787,0.0,7
1761810655365,8506090583267,GYRO,0.054713717917846266,-0.05053127935136001,-0.01058692809622109,0.0,7
1761810655365,8506090583267,ROT_VEC,0.1269839610612448,0.3167456167424304,-0.1531972053216597,0.5532828513793442,7
1761810655365,8506090583267,ACC,-0.3326905309657726,9.019868748385525,5.866508284705909,0.0,7
1761810655365,8506090583267,MAG,26.815133074785596,-34.61573951329468,-7.155947703254254,0.0,7
1761810655385,8506110760880,ACC,-0.5339373088599053,7.013443378889013,4.399769919356273,0.0,7
1761810655385,8506110760880,GYRO,-0.015590900610760712,-0.040628578241355774,-0.03159428192016066,0.0,7
1761810655385,8506110760880,MAG,21.306823032676757,-52.00949945379372,-9.717317863533504,0.0,7
1761810655385,8506110760880,ROT_VEC,0.21030302845936685,-0.19655646687160547,-0.7396647782673502,0.4305955449532305,7
1761810655406,8506130938493,GYRO,0.06647433930094616,0.16517544805208978,0.010191052074605095,0.0,7
1761810655406,8506130938493,ROT_VEC,0.17587370341831857,0.577708486673458,0.08803339694094184,0.7398756920999434,7
1761810655406,8506130938493,ACC,-1.1483723140915554,6.983504583200702,4.192139887469565,0.0,7
1761810655406,8506130938493,MAG,29.590308783578205,-19.65124848639203,-25.01777697916356,0.0,7
1761810655426,8506151116106,MAG,10.996726116772997,-48.00028717720925,-41.15133019848558,0.0,7
1761810655426,8506151116106,GYRO,0.09562959472786849,-0.07124164688996917,0.023710325786121637,0.0,7
1761810655426,8506151116106,ACC,-1.4777723567437373,9.89522953965112,4.186835640406438,0.0,7
1761810655426,8506151116106,ROT_VEC,0.17488830571686195,-0.009705916759448867,-0.43635799507041745,0.6001441580312841,7
1761810655446,8506171293719,ROT_VEC,0.21224249780641877,-0.05882147018246155,-0.15059560618221418,0.774088486975081,7
1761810655446,8506171293719,MAG,0.012650185318951568,-27.815909435850806,-28.1147465665459,0.0,7
1761810655446,8506171293719,ACC,-1.0318685217722976,5.909782594609691,4.996449839119052,0.0,7
1761810655446,8506171293719,GYRO,0.014151867678804799,-0.1230609966181216,-0.0263185042736789,0.0,7
1761810655466,8506191471332,GYRO,0.08186922794666758,-0.03143423464906446,-0.004508840728898683,0.0,7
1761810655466,8506191471332,ACC,-1.0911421023136663,8.101334194366736,6.047651648700316,0.0,7
1761810655466,8506191471332,ROT_VEC,0.23287198460371183,0.32350723978840595,-0.3642069880305687,0.5200061263889013,7
1761810655466,8506191471332,MAG,4.587039309989018,-38.24772584957869,12.065785393792687,0.0,7
1761810655486,8506211648945,MAG,9.775765252030135,-46.18552696027484,-22.41912727811314,0.0,7
1761810655486,8506211648945,GYRO,-0.07390477310922383,0.00650114553394137,0.018130005834449466,0.0,7
1761810655486,8506211648945,ROT_VEC,0.31005646487928223,-0.015010127542920484,0.3528030787197175,0.545361744815046,7
1761810655486,8506211648945,ACC,0.1671262477623961,10.189574046707886,4.769985403961006,0.0,7
1761810655507,8506231826558,GYRO,0.014028969008376174,-0.08220202625129291,0.011098970085408015,0.0,7
1761810655507,8506231826558,ACC,-0.24569305614208486,6.155522823359323,4.669414256785947,0.0,7
1761810655507,8506231826558,ROT_VEC,0.18352524151005542,0.26288149201928357,1.7571535873631985,0.7050651257580753,7
1761810655507,8506231826558,MAG,39.94250877117715,-5.956581978117022,-22.81246052752712,0.0,7
1761810655527,8506252004171,MAG,-9.9797381185647,-38.43113337133006,-15.591030377140335,0.0,7
1761810655527,8506252004171,ACC,-0.816481265518018,6.9205380351727,7.786149949276947,0.0,7
1761810655527,8506252004171,ROT_VEC,0.31690885025339005,-0.10175838021477063,0.02829687254519865,0.5146836168109296,7
1761810655527,8506252004171,GYRO,0.05729931957957395,0.021410738578418027,-0.00463355160142223,0.0,7
1761810655547,8506272181784,ACC,-0.955269958584436,6.0810476149108,3.307388271598941,0.0,7
1761810655547,8506272181784,ROT_VEC,0.3095957228222156,0.3141103973289655,0.5204650439891545,0.512264263233062,7
1761810655547,8506272181784,GYRO,-0.05859475854497237,-0.08687921171899032,-0.01822518995824878,0.0,7
1761810655547,8506272181784,MAG,24.508472612185404,-36.2035753725447,-13.421647026418775,0.0,7
1761810655567,8506292359397,ROT_VEC,0.22155145326036113,-0.08597563320136868,-0.38124670641656494,0.5160888671475493,7
1761810655567,8506292359397,MAG,7.541186692102329,-44.54678248505814,-6.348848833211924,0.0,7
1761810655567,8506292359397,ACC,-1.175284858978233,7.664131513986165,6.247763620806879,0.0,7
1761810655567,8506292359397,GYRO,-0.006060875017789053,-0.07838982144515322,0.03701223350456133,0.0,7
1761810655587,8506312537010,ROT_VEC,0.3393212636153361,-0.1304253411847463,0.2649088631018589,0.4202731902487842,7
1761810655587,8506312537010,MAG,16.87026149688702,-40.53864839724017,-17.976615748636686,0.0,7
1761810655587,8506312537010,ACC,-1.277102058553154,7.568277465341503,5.124997744337434,0.0,7
1761810655587,8506312537010,GYRO,-0.013842543897922811,-0.07940234589144474,-0.00565688051008629,0.0,7
1761810655607,8506332714623,MAG,2.4922354732056995,-27.563427065765957,-18.818165066461905,0.0,7
1761810655607,8506332714623,GYRO,-0.1099289776420957,-0.00568299546167279,0.006695104282332658,0.0,7
1761810655607,8506332714623,ROT_VEC,0.3578436581318977,0.4247334260746438,-0.9981369892687069,0.3451330477242613,7
1761810655607,8506332714623,ACC,-1.9158946163957657,7.316553433377492,4.933428766997344,0.0,7
1761810655628,8506352892236,MAG,25.56474069113376,-31.849844268891484,-22.383587137470055,0.0,7
1761810655628,8506352892236,GYRO,-0.07706038958606695,-0.022317246841455873,-0.00889973730550963,0.0,7
1761810655628,8506352892236,ACC,-1.0576735084396491,7.4089742104597,4.5995303515279,0.0,7
1761810655628,8506352892236,ROT_VEC,0.12811695162310227,-0.1461590622140299,-0.3128451618356609,0.26091900774922067,7
1761810655648,8506373069849,GYRO,-0.006210560842853303,-0.24598416895925732,-0.024818467408629134,0.0,7
1761810655648,8506373069849,MAG,-6.055302469236963,-50.52805737358555,-14.354562737002052,0.0,7
1761810655648,8506373069849,ACC,-1.6514115152563549,8.736734766197916,5.054890333407387,0.0,7
1761810655648,8506373069849,ROT_VEC,0.30860828772569504,0.5370326922546546,0.6625378705053097,0.6399544447314954,7
1761810655668,8506393247462,MAG,3.777967802266162,-46.41892722095036,-23.324053059758114,0.0,7
1761810655668,8506393247462,GYRO,0.03371852648983949,0.13518319271968282,0.03133507410212417,0.0,7
1761810655668,8506393247462,ACC,-1.3017780588477097,10.099892751680791,5.106523240165255,0.0,7
1761810655668,8506393247462,ROT_VEC,0.41751201593133236,-0.07238874159095836,0.4951976662995378,-0.062408575190413776,7
1761810655688,8506413425075,MAG,26.942129333531568,-45.006720680773704,-10.81216908743922,0.0,7
1761810655688,8506413425075,ACC,-1.100232206536366,9.330082173177354,4.665379872413723,0.0,7
1761810655688,8506413425075,GYRO,-0.00960396366386967,-0.0653548508186875,-0.04727412839971256,0.0,7
1761810655688,8506413425075,ROT_VEC,0.1394259546797591,0.4913718409412322,0.3744593200406876,0.7579996031554572,7
1761810655708,8506433602688,ROT_VEC,0.2668373228304668,0.283318167928829,-0.6767492593075869,0.21282653704099463,7
1761810655708,8506433602688,MAG,15.581476159054718,-32.26863807228868,2.2276567402984426,0.0,7
1761810655708,8506433602688,GYRO,-0.047632497703405524,0.15753038338969788,-0.012632437270436348,0.0,7
1761810655708,8506433602688,ACC,-0.54533240591912,9.964093077458822,3.6472195044346347,0.0,7
1761810655728,8506453780301,ACC,-0.6778336657010404,6.075610635440673,5.85045724422492,0.0,7
1761810655728,8506453780301,MAG,-1.1498612444771745,-31.811503904658924,-8.566820781671925,0.0,7
1761810655728,8506453780301,GYRO,0.0111696335329144,-0.03788477577446053,0.01046250410729744,0.0,7
1761810655728,8506453780301,ROT_VEC,0.2567501087301953,-0.0779971881062996,-0.08952634869042594,0.3737333864812489,7
1761810655749,8506473957913,GYRO,0.011247081147944706,-0.016658502922525006,0.009818309501236714,0.0,7
1761810655749,8506473957913,ROT_VEC,0.2699429846810284,0.3148751338085099,-0.5567901642906634,0.5244842865100205,7
1761810655749,8506473957913,ACC,-2.21097170571133,8.959679829492165,4.346853277109801,0.0,7
1761810655749,8506473957913,MAG,59.571849872104785,-30.08275116584875,-19.265343924466972,0.0,7
1761810655769,8506494135526,MAG,-17.11514954734176,-43.71350155891042,-5.8394000480811386,0.0,7
1761810655769,8506494135526,GYRO,-0.07289305260432931,-0.1773208650804732,0.048678222797551955,0.0,7
1761810655769,8506494135526,ROT_VEC,0.22389058216844776,-0.04299330358190359,-0.7717145045881694,0.2823614842267307,7
1761810655769,8506494135526,ACC,0.15755041828084182,8.810046511234662,5.5258502209939335,0.0,7
1761810655789,8506514313139,GYRO,-0.03529919188736004,0.0553059667287153,-0.008130714522624477,0.0,7
1761810655789,8506514313139,ACC,-0.4706574356956863,9.332854163116142,5.228798474573127,0.0,7
1761810655789,8506514313139,MAG,24.71179079290711,-17.159376262424214,-15.960615281042521,0.0,7
1761810655789,8506514313139,ROT_VEC,0.36048850920165776,-0.2005970384237994,-0.353237588286658,0.5398579902748514,7
1761810655809,8506534490752,ACC,-1.9034120707365756,7.0662660834529705,4.142538412619771,0.0,7
1761810655809,8506534490752,ROT_VEC,0.16527295291209307,0.1797535004391779,-0.4750712824124612,0.4458933057621367,7
1761810655809,8506534490752,GYRO,-0.0586001696835612,-0.06412774869527206,-0.0020517595397318063,0.0,7
1761810655809,8506534490752,MAG,-6.01654372986025,-17.730557070836554,-12.193991880154506,0.0,7
1761810655829,8506554668365,ACC,-2.553833863594934,8.528702946269572,5.156353615256448,0.0,7
1761810655829,8506554668365,ROT_VEC,0.3564287578153516,0.17931618165363747,-0.3492358062020268,0.3568295994430956,7
1761810655829,8506554668365,GYRO,0.07289502759962084,-0.02113842061757385,-0.01888333000079421,0.0,7
1761810655829,8506554668365,MAG,8.760105947111793,-7.4790144408714605,-10.652297235484975,0.0,7
1761810655850,8506574845978,GYRO,0.0037880694893201398,-0.018263018291619488,-0.0051564122778190785,0.0,7
1761810655850,8506574845978,ACC,-0.36461147018228823,7.9272642163923965,3.947090640525874,0.0,7
1761810655850,8506574845978,ROT_VEC,0.12433460951679194,0.7679570800027806,-0.15185767326079946,0.14046484080874783,7
1761810655850,8506574845978,MAG,16.909797037452883,-42.196856750357725,-19.424036801914237,0.0,7
1761810655870,8506595023591,MAG,20.176549934391485,-49.09647530772594,-13.09773067915103,0.0,7
1761810655870,8506595023591,ROT_VEC,0.24503332086029433,-0.0760795032200504,-0.32178742363112545,0.3869237102228129,7
1761810655870,8506595023591,GYRO,-0.02287793511247386,-0.005324478937474477,0.041415040663492844,0.0,7
1761810655870,8506595023591,ACC,-1.5452471038827444,9.711955848641438,4.500240279054435,0.0,7
1761810655890,8506615201204,ROT_VEC,0.09240321698222732,-0.5669868841122401,0.2919623206006329,0.230242746586864,7
1761810655890,8506615201204,GYRO,0.03642156571056016,-0.023044341445009806,-0.010087217471186362,0.0,7
1761810655890,8506615201204,MAG,23.090804840690705,-16.82166956163168,-5.3822302155106625,0.0,7
1761810655890,8506615201204,ACC,-0.9841505396559271,9.698339479409352,5.548071870835576,0.0,7
1761810655910,8506635378817,GYRO,-0.02299610555606663,-0.31582581236772045,0.022101964942180797,0.0,7
1761810655910,8506635378817,MAG,39.426140807004636,-55.27059820162757,-2.2203146896451305,0.0,7
1761810655910,8506635378817,ACC,-0.3630833786799733,9.329870806270812,4.952490587474247,0.0,7
1761810655910,8506635378817,ROT_VEC,0.2646076587630166,0.3042889044144211,-0.12607102409415766,0.3744704800930835,7
1761810655930,8506655556430,GYRO,-0.06650481346717499,-0.030273086647143684,0.02801295140597872,0.0,7
1761810655930,8506655556430,ROT_VEC,0.33259348670578215,-0.6185463660134041,-0.14556791358673438,0.32412113242578783,7
1761810655930,8506655556430,ACC,0.576701229675453,8.215644453240772,5.618965864955305,0.0,7
1761810655930,8506655556430,MAG,-4.225197698081132,-29.220672907055505,-24.915274211085254,0.0,7
1761810655950,8506675734043,GYRO,0.06935914640002563,0.04693420557022441,-0.01630990141451072,0.0,7
1761810655950,8506675734043,ROT_VEC,0.2514203191098347,-0.19181056917241315,0.0922472262419789,0.38440514612031923,7
1761810655950,8506675734043,MAG,10.986978880311895,-15.867949407919838,-13.777491668869018,0.0,7
1761810655950,8506675734043,ACC,-0.8051650046232581,7.583760841347028,5.685921816344471,0.0,7
1761810655971,8506695911656,MAG,29.324887521038647,-6.319274245870924,-7.714206093850872,0.0,7
1761810655971,8506695911656,ACC,-0.0885045402058697,8.334140540798057,5.715104508814384,0.0,7
1761810655971,8506695911656,GYRO,-0.03683529646251366,0.11634661071160665,0.007056754687372965,0.0,7
1761810655971,8506695911656,ROT_VEC,0.26988217184553465,0.06008150081117267,-1.1387404357585091,0.023195124399979228,7
1761810656249,8506974416021,ACC,0.06896959443470324,-0.015920954836023207,0.044756083960745485,0.0,
1761810656249,8506974416021,MAG,0.006825976929258921,0.24112901760215047,-0.09078731526101297,0.0,
1761810656249,8506974416021,GYRO,-0.12980077923739106,0.2588623164127583,0.0672924686080789,0.0,
1761810656249,8506974416021,ROT_VEC,-0.010249777318193442,0.18803791654734212,-0.09025314661256663,0.0,
1761810656528,8507252920387,ACC,-1.7191389535595842,6.091532269355867,6.293875618038771,0.0,7
1761810656528,8507252920387,GYRO,-0.07744150417790344,0.03987180931108039,0.04748525608225524,0.0,7
1761810656528,8507252920387,ROT_VEC,0.29774294036732757,-0.03960755373979542,-0.15777775660132934,0.5863090835532259,7
1761810656528,8507252920387,MAG,-1.4377256813299706,-35.05833351932515,-12.513636310282413,0.0,7
1761810656548,8507273300530,ACC,-0.7129895931826579,8.312738277055512,5.969175244766741,0.0,7
1761810656548,8507273300530,GYRO,-0.08956644054992328,0.10371337588513939,-0.019976752126637395,0.0,7
1761810656548,8507273300530,MAG,-3.0079137017248754,-35.65870186656801,-6.874791241941162,0.0,7
1761810656548,8507273300530,ROT_VEC,0.2466456221594891,0.28132567874831366,-0.12205568052315174,0.504925750079594,7
1761810656568,8507293680674,GYRO,-0.047102102106611,-0.05512689908071116,0.005404339435533144,0.0,7
1761810656568,8507293680674,ACC,-1.8859300279874678,10.005357505610846,5.1583913069450045,0.0,7
1761810656568,8507293680674,ROT_VEC,0.27308314490171837,0.14516266221780708,-0.3392485421792531,0.5485834391917759,7
1761810656568,8507293680674,MAG,27.708625070398924,-13.85503087665611,-7.50781460435703,0.0,7
1761810656589,8507314060818,ROT_VEC,0.21734612009685458,0.08523941126604401,-0.5194655433900541,0.30910607951959856,7
1761810656589,8507314060818,GYRO,-0.025375843282301518,0.06067699957977435,-0.008214112247483746,0.0,7
1761810656589,8507314060818,ACC,-0.5890847287209907,6.648423250317888,5.248864095083324,0.0,7
1761810656589,8507314060818,MAG,5.276349662863057,-54.86103068681407,-13.562612850462841,0.0,7
1761810656609,8507334440962,GYRO,-0.0028460044694413357,0.20473380758506357,0.008771918434397525,0.0,7
1761810656609,8507334440962,ROT_VEC,0.33386196435229254,0.013322124413837622,0.6892136285082056,0.6840726279940058,7
1761810656609,8507334440962,ACC,-0.5102425445352466,6.72749549616689,4.186213716041061,0.0,7
1761810656609,8507334440962,MAG,24.049064211286918,-54.591120608096524,-2.767177697354084,0.0,7
1761810656630,8507354821105,MAG,32.73413201845584,-31.938352971864447,-14.22734513347968,0.0,7
1761810656630,8507354821105,GYRO,0.09913752341119093,-0.2674014113158582,0.010404919943725612,0.0,7
1761810656630,8507354821105,ACC,-1.263299143789455,8.714369969766265,4.924443123141291,0.0,7
1761810656630,8507354821105,ROT_VEC,0.2708726013142195,1.1295478052417514,0.4550977657998789,0.1968445045620118,7
1761810656650,8507375201249,GYRO,-0.008657333183243236,-0.09660768558862604,-0.0049639947361350654,0.0,7
1761810656650,8507375201249,ROT_VEC,0.31977282687637654,0.18091586482857047,-1.0782498993073812,0.700222444687083,7
1761810656650,8507375201249,ACC,-1.8224934517954476,9.064292665485953,4.138487382382372,0.0,7
1761810656650,8507375201249,MAG,17.482619843460196,-37.224436683661764,-6.962404046988603,0.0,7
1761810656670,8507395581393,MAG,35.78678763228096,-31.968936390120135,-4.309149072376328,0.0,7
1761810656670,8507395581393,ROT_VEC,0.1999804560009775,0.43354945157360064,0.10653607930888188,0.463942687705001,7
1761810656670,8507395581393,GYRO,0.03881789733518386,-0.1118636744424769,-0.019024986619300445,0.0,7
1761810656670,8507395581393,ACC,0.3015728613811972,8.59028141255974,4.227762445887063,0.0,7
1761810656691,8507415961537,ROT_VEC,0.30501574975685797,0.3949640754103469,-0.5121157224739219,0.51000038235443,7
1761810656691,8507415961537,ACC,-0.443420078895256,7.693695666329802,4.964104052931528,0.0,7
1761810656691,8507415961537,GYRO,0.10173100427367014,-0.0036094233934119042,0.01602620681503248,0.0,7
1761810656691,8507415961537,MAG,-5.13705346071096,-41.13178700540216,-11.810386261824615,0.0,7
1761810656711,8507436341680,ACC,0.12890486400687237,7.344871251527029,6.383339136342666,0.0,7
1761810656711,8507436341680,GYRO,-0.027091108438947083,-0.21542651887370365,-0.005795939148591208,0.0,7
1761810656711,8507436341680,ROT_VEC,0.5111881321085301,0.7095099931546135,0.320471484346289,0.3266404498702028,7
1761810656711,8507436341680,MAG,1.5602439310627876,-19.999245906110513,-5.799613654459123,0.0,7
1761810656731,8507456721824,ACC,-1.6086166334317178,9.353510888589323,2.900507621538235,0.0,7
1761810656731,8507456721824,ROT_VEC,0.41418374413088116,-0.17345571508521382,-1.1069048017887346,0.6668362727584757,7
1761810656731,8507456721824,GYRO,-0.02581164155572732,-0.30441135097522093,0.014806972998222194,0.0,7
1761810656731,8507456721824,MAG,-2.3820442332865177,-43.018216042828655,-19.81803173011283,0.0,7
1761810656752,8507477101968,ROT_VEC,0.4610148335354679,0.4394312946251463,1.0005933450812592,0.22150995628161224,7
1761810656752,8507477101968,GYRO,-0.023399138414181092,-0.10108382368670894,-0.00957749815770802,0.0,7
1761810656752,8507477101968,ACC,-0.5532907284539214,9.369944251566945,3.5746229678579837,0.0,7
1761810656752,8507477101968,MAG,30.393676895218874,-30.20049228093902,-16.077477286385083,0.0,7
1761810656772,8507497482112,ACC,-1.387783389435743,8.526373127028881,6.049702502028676,0.0,7
1761810656772,8507497482112,MAG,4.209361251039995,-0.6268234758415914,-2.1733536566445077,0.0,7
1761810656772,8507497482112,GYRO,-0.002948120779862992,0.11012979053954176,0.007552444519107686,0.0,7
1761810656772,8507497482112,ROT_VEC,0.175220489401995,-0.4048004949677323,-0.4975596217496001,0.29036187242797756,7
1761810656793,8507517862255,ACC,-0.2731357619820861,9.683088073972103,5.513200917912069,0.0,7
1761810656793,8507517862255,GYRO,-0.02296595847763672,-0.0741347592710247,-0.006786394677986848,0.0,7
1761810656793,8507517862255,MAG,7.07840256904263,-14.495021546576345,-13.470080385814978,0.0,7
1761810656793,8507517862255,ROT_VEC,0.46383029953440685,0.41982496985840373,-0.11023772477461313,0.38835526932648534,7
1761810656813,8507538242399,MAG,4.333925649427076,-21.798920243038367,-5.4766123901947505,0.0,7
1761810656813,8507538242399,ACC,-0.49500767708996507,8.674578893396637,5.0683952677604625,0.0,7
1761810656813,8507538242399,ROT_VEC,0.14895521765545552,-0.31256577405343566,-0.6478512412767798,0.5051092629048024,7
1761810656813,8507538242399,GYRO,-0.048402938508505584,-0.09565976225171516,-0.0014625372785029328,0.0,7
1761810656833,8507558622543,MAG,13.877593042320235,-2.1524554809369385,-15.500919792478433,0.0,7
1761810656833,8507558622543,ACC,-1.802127044660811,8.62894076335018,4.708877818467116,0.0,7
1761810656833,8507558622543,ROT_VEC,0.22031544288274418,-0.5704079033838683,-0.6745964544105401,0.37420805597148976,7
1761810656833,8507558622543,GYRO,0.04755779260012964,-0.12493379643286054,0.00222069925048803,0.0,7
1761810656854,8507579002687,GYRO,-0.02002901927412851,-0.12250250893100396,-0.016817608747274223,0.0,7
1761810656854,8507579002687,ROT_VEC,0.326448328353761,-0.324500515862612,-1.0869403928446195,0.6553116198150934,7
1761810656854,8507579002687,ACC,-2.954066630671902,10.348394559699042,4.632741589118824,0.0,7
1761810656854,8507579002687,MAG,20.567724265990876,-30.429289364476404,-17.739627351392283,0.0,7
1761810656874,8507599382831,MAG,20.360058489945676,-24.318968199764207,-18.745237517997957,0.0,7
1761810656874,8507599382831,GYRO,0.11989645875805244,-0.18999080846922675,-0.036376504995993146,0.0,7
1761810656874,8507599382831,ROT_VEC,0.33154630884098263,-0.19731441101140562,0.4216898903225839,0.5293018763586598,7
1761810656874,8507599382831,ACC,-1.838652900395213,7.1254326276526685,6.214294748735259,0.0,7
1761810656894,8507619762974,MAG,-2.632193219193002,-40.10700949217345,-17.45912628019191,0.0,7
1761810656894,8507619762974,ROT_VEC,0.1678704578444451,-0.02092533442604124,-0.6427066855986576,0.49731595924224237,7
1761810656894,8507619762974,ACC,-0.39938639383483787,9.678336389338348,6.040472428322557,0.0,7
1761810656894,8507619762974,GYRO,0.04552774024645999,-0.18216602189177736,-0.022403914746562385,0.0,7
1761810656915,8507640143118,MAG,21.38842822159786,-22.068039643498377,-18.246508638537847,0.0,7
1761810656915,8507640143118,GYRO,0.028509312830202777,-0.023142226424315855,0.014637223410132766,0.0,7
1761810656915,8507640143118,ROT_VEC,0.17489589313289114,0.04228882115399933,0.1840498964956584,0.11615566658117156,7
1761810656915,8507640143118,ACC,-1.1207778218885858,5.696621030647357,4.541931104822738,0.0,7
1761810656935,8507660523262,ACC,-1.4640762140426582,7.089619834737766,4.243630544818737,0.0,7
1761810656935,8507660523262,GYRO,-0.09592655597929847,0.003220894233481271,0.02128446101175102,0.0,7
1761810656935,8507660523262,MAG,20.038550482801693,-24.55570032915172,-24.975759699740543,0.0,7
1761810656935,8507660523262,ROT_VEC,0.19912927614964815,-0.17354623775674238,-0.5928531442589768,0.7510873342913322,7
1761810656956,8507680903406,ACC,-0.49688524791531996,9.570159668935418,5.579920716540556,0.0,7
1761810656956,8507680903406,MAG,26.809101553432654,-28.23268437629398,-19.585999203980883,0.0,7
1761810656956,8507680903406,ROT_VEC,0.11844624418039625,-0.367756943359416,-1.152790456334152,0.3895737913682383,7
1761810656956,8507680903406,GYRO,-0.011824154661707787,0.06329743673384561,-0.007795503918721481,0.0,7
1761810656976,8507701283549,MAG,-9.106795963986068,-34.15980460819052,-15.361708619310429,0.0,7
1761810656976,8507701283549,ROT_VEC,0.1877655353887622,-0.17205035464911667,0.108138245297353,0.28711557658641756,7
1761810656976,8507701283549,GYRO,-0.05277144607323808,-0.14080760925716884,-0.00798424951255963,0.0,7
1761810656976,8507701283549,ACC,-1.2701837961475229,7.561673721269327,4.142347613445386,0.0,7
1761810656996,8507721663693,GYRO,0.019080356831803653,-0.06409874803262043,0.025454592241716374,0.0,7
1761810656996,8507721663693,ACC,-2.2065562869540045,6.933730013036482,3.049703659960583,0.0,7
1761810656996,8507721663693,MAG,28.341362309372418,-11.45917778192078,-11.250304623538309,0.0,7
1761810656996,8507721663693,ROT_VEC,0.09439388008547675,0.5482061787920262,-1.1126498586794513,0.6882060393588442,7
1761810657017,8507742043837,MAG,31.270670192233936,-30.594004127424235,-12.62616092840177,0.0,7
1761810657017,8507742043837,GYRO,0.014181079705141975,0.05883947199641536,0.011836513826551912,0.0,7
1761810657017,8507742043837,ACC,-0.7177829289995723,7.0650352692907115,4.778577143307911,0.0,7
1761810657017,8507742043837,ROT_VEC,0.2214324205792054,-0.13887945814999403,-0.04550907030861745,0.33714718783214537,7
1761810657037,8507762423981,GYRO,0.07144929522401088,-0.1403478328337655,0.04068264410239709,0.0,7
1761810657037,8507762423981,ROT_VEC,0.1952591764968008,0.13262519355458632,-0.7669486559458831,0.3166957483741419,7
1761810657037,8507762423981,MAG,19.600551560343813,-19.31072663710357,-13.677525047574525,0.0,7
1761810657037,8507762423981,ACC,-1.4222490020243523,6.938610467941849,5.269275762657397,0.0,7
1761810657057,8507782804124,ACC,-1.298556030462636,10.80254700259018,4.905764857900877,0.0,7
1761810657057,8507782804124,ROT_VEC,0.31135234781347904,1.2495522982828766,-0.33389010576962164,0.42436108974103354,7
1761810657057,8507782804124,MAG,5.675996350711263,-40.83491385074584,-13.218443360296712,0.0,7
1761810657057,8507782804124,GYRO,-0.0003232591226943332,0.1907528764174225,0.020160497981047375,0.0,7
1761810657078,8507803184268,GYRO,-0.05309743445892555,-0.11660297508465102,0.004521284234699017,0.0,7
1761810657078,8507803184268,ROT_VEC,0.2960396124853151,0.38848330622926563,-0.716089561594087,0.22841808733926286,7
1761810657078,8507803184268,ACC,-0.418693188527002,6.038692711892207,5.489286261069172,0.0,7
1761810657078,8507803184268,MAG,10.466162908552494,-23.292272519625115,-11.754971541138051,0.0,7
1761810657098,8507823564412,ROT_VEC,0.3597323122162999,-0.3819353396185463,0.24783372416646515,0.18862811565460888,7
1761810657098,8507823564412,ACC,-1.0732289986559584,6.448512127976443,6.245107743453053,0.0,7
1761810657098,8507823564412,GYRO,-0.010398227269306405,0.004699132090617463,0.01409250012673751,0.0,7
1761810657098,8507823564412,MAG,-9.505017278071364,-25.21242225704521,-10.476736564763506,0.0,7
1761810657119,8507843944556,MAG,24.324371010479503,-15.4793365549566,5.68353557185401,0.0,7
1761810657119,8507843944556,GYRO,-0.005872697389382551,0.01331295079036375,-0.0005251120547827854,0.0,7
1761810657119,8507843944556,ROT_VEC,0.32780279046269306,-0.31522964943469933,-0.24667443739888506,0.5214928615252206,7
1761810657119,8507843944556,ACC,-1.2203928712689525,8.044125414423313,4.3068090964773145,0.0,7
1761810657139,8507864324699,MAG,2.1315205290928714,-64.39799910805061,-20.54208097457031,0.0,7
1761810657139,8507864324699,GYRO,0.06282353820145302,-0.13303024089041815,0.02605204112738179,0.0,7
1761810657139,8507864324699,ROT_VEC,0.13942857389384772,0.1605863378013243,-0.14283680745629881,0.3868567416326045,7
1761810657139,8507864324699,ACC,-1.296881860857153,5.191905819362964,4.135537916155321,0.0,7
1761810657159,8507884704843,ACC,-2.8660892272303977,10.00665634284906,5.1874456068335855,0.0,7
1761810657159,8507884704843,GYRO,-0.010135625944078944,-0.026545582419744623,0.016029498189580264,0.0,7
1761810657159,8507884704843,ROT_VEC,0.2267894236973852,0.5501027228587484,-0.6971728634088583,0.536012286882227,7
1761810657159,8507884704843,MAG,23.222167355956955,-9.990674545890043,-3.513622321191821,0.0,7
1761810657180,8507905084987,ACC,-1.6226912055388099,7.472284466293949,3.652018537327209,0.0,7
1761810657180,8507905084987,MAG,13.143640119977368,-35.89843781132308,-15.583241271858675,0.0,7
1761810657180,8507905084987,ROT_VEC,0.2502784804314422,0.04664197236987274,-0.267443233977792,0.3936554241645918,7
1761810657180,8507905084987,GYRO,0.03444215551234599,-0.06729979474352653,0.0034254948887921122,0.0,7
1761810657200,8507925465131,MAG,47.257433960249,-34.52194770106437,-6.713902200842302,0.0,7
1761810657200,8507925465131,ACC,-0.5057982164666277,6.529737981607117,4.812166790805506,0.0,7
1761810657200,8507925465131,GYRO,-0.012781941361283359,-0.23810102267536573,0.039206712160920476,0.0,7
1761810657200,8507925465131,ROT_VEC,0.24658534736176482,-0.07151663667503262,0.06154842797430918,0.4170746837482019,7
1761810657221,8507945845274,MAG,21.65156723241188,-41.01600184909573,-24.839363097100456,0.0,7
1761810657221,8507945845274,ROT_VEC,0.14648823375019995,0.16943292113902672,-0.17358683638318495,0.47514530262604593,7
1761810657221,8507945845274,GYRO,-0.00403412930253488,0.06999846399530044,0.018138472002246952,0.0,7
1761810657221,8507945845274,ACC,-1.0955026578379519,5.4942531816386095,3.207956773482506,0.0,7
1761810657241,8507966225418,ACC,-2.066396311891701,5.537419398686068,5.56849078503784,0.0,7
1761810657241,8507966225418,MAG,4.388477168879563,-29.232852752665107,-13.006519546832559,0.0,7
1761810657241,8507966225418,GYRO,0.11324902101169428,-0.13930821880736205,-0.0017806593004161021,0.0,7
1761810657241,8507966225418,ROT_VEC,0.29960728509522816,0.4793494089386828,-0.47996670958211174,0.44124734892266215,7
1761810657261,8507986605562,GYRO,0.007847449934045134,0.0075295384389971395,0.017490569543438996,0.0,7
1761810657261,8507986605562,ACC,-0.611033833277163,6.256470654800754,5.676467314338078,0.0,7
1761810657261,8507986605562,MAG,-9.73159372202097,-31.34849666698175,-10.801560996756896,0.0,7
1761810657261,8507986605562,ROT_VEC,0.32454624591063647,-0.38685462164086853,0.44053487892465293,0.20543232775782647,7
1761810657282,8508006985706,GYRO,-0.043847743796169555,-0.09810117837975799,-0.001616901145379564,0.0,7
1761810657282,8508006985706,ACC,-1.2737033907454016,9.01051150678752,3.2968630816618765,0.0,7
1761810657282,8508006985706,MAG,10.291774988421436,-30.50183532782007,-12.61295271869757,0.0,7
1761810657282,8508006985706,ROT_VEC,0.2251134113816441,0.03442231609323719,-0.7072980403334069,0.6322072838537406,7
1761810657302,8508027365849,ACC,-1.1712818409794084,6.044843278698528,5.050803784430586,0.0,7
1761810657302,8508027365849,GYRO,0.03209263713700468,0.08280057982161916,-0.02407067237510417,0.0,7
1761810657302,8508027365849,ROT_VEC,0.20523110154161728,-0.0592061171064172,0.7584294985814352,0.49499094884643347,7
1761810657302,8508027365849,MAG,-7.466703498990506,-27.396021308875586,-7.360415286573405,0.0,7
1761810657322,8508047745993,MAG,5.238291376247453,-54.478119968293534,-15.442713158903382,0.0,7
1761810657322,8508047745993,GYRO,0.03827747195211815,0.004993016820773613,-0.010127478376147133,0.0,7
1761810657322,8508047745993,ROT_VEC,0.1752826807885358,-0.25133896505043285,-0.49549248626630427,0.29593827962807195,7
1761810657322,8508047745993,ACC,-1.1694237047156057,10.430961257693395,4.832464116787073,0.0,7
1761810657343,8508068126137,ROT_VEC,0.297045487725405,0.03041998404530133,-0.6738627249777629,0.8322725810262738,7
1761810657343,8508068126137,GYRO,0.027012848280411613,-0.019937567757454245,-0.03291369029338326,0.0,7
1761810657343,8508068126137,MAG,7.349882608738384,-42.13512745171826,-7.553297076367583,0.0,7
1761810657343,8508068126137,ACC,-0.2644197281967986,7.8722643285755165,6.179135055133491,0.0,7
1761810657363,8508088506281,GYRO,-0.057692417875141636,-0.17713300914778635,0.00530537831362034,0.0,7
1761810657363,8508088506281,MAG,9.180820143272403,-25.268153297951667,-21.082610592035554,0.0,7
1761810657363,8508088506281,ACC,-0.9726129725022586,8.007306292808567,6.038894043576738,0.0,7
1761810657363,8508088506281,ROT_VEC,0.24517294773918633,0.30002884053817613,0.13256058653683317,0.4802393706035756,7
1761810657384,8508108886424,ROT_VEC,0.18264837683692173,0.10040908744421281,0.32592902188499817,0.7526108254561483,7
1761810657384,8508108886424,ACC,-0.3504623736796282,7.198733849641801,5.123761067866492,0.0,7
1761810657384,8508108886424,GYRO,-0.027067504716538994,0.07143765914806788,0.004031849207144211,0.0,7
1761810657384,8508108886424,MAG,10.606630806550593,-34.06207529098345,0.586249111969777,0.0,7
1761810657404,8508129266568,ACC,-0.7016405838201112,9.188821314289642,6.705147476019273,0.0,7
1761810657404,8508129266568,GYRO,-0.01472025788513514,0.07501659172509997,-0.010841168459430735,0.0,7
1761810657404,8508129266568,ROT_VEC,0.24461491417312187,-0.09953739506818192,-0.06979907545975576,0.32691651841150204,7
1761810657404,8508129266568,MAG,36.47015123945253,-47.3168690039166,-10.567765893693938,0.0,7
1761810657424,8508149646712,ACC,-0.8464893874697361,6.87955769967941,6.010527885497987,0.0,7
1761810657424,8508149646712,ROT_VEC,0.35845725987004234,-0.4469402847084809,0.5362346869831474,0.5040533273445962,7
1761810657424,8508149646712,MAG,6.289277574125653,-31.823298673284764,-12.383059578199484,0.0,7
1761810657424,8508149646712,GYRO,-0.027004075412446687,-0.15523822022658149,0.004988877278160649,0.0,7
1761810657445,8508170026856,ACC,-0.8946201039391843,10.177028337023382,4.810763655388766,0.0,7
1761810657445,8508170026856,ROT_VEC,0.1594004375701065,0.5975358123828237,0.5149354568973665,0.43112761447961245,7
1761810657445,8508170026856,MAG,23.15600485657551,-16.135184854818984,-11.276149919148901,0.0,7
1761810657445,8508170026856,GYRO,0.014882670112481629,-0.005848164453979359,-0.013519417157729724,0.0,7
1761810657465,8508190407000,GYRO,0.06352919541547851,-0.19378200993766842,0.01198624578504778,0.0,7
1761810657465,8508190407000,ROT_VEC,0.17760598982348202,0.24294824910724053,-0.05989491014427034,0.5481176451113032,7
1761810657465,8508190407000,MAG,6.7722308001776845,-23.559226180158745,-4.293561654600989,0.0,7
1761810657465,8508190407000,ACC,-0.5862157918304446,7.981306072034872,6.537581205601053,0.0,7
1761810657485,8508210787143,ACC,-1.056240146625077,5.6351658443904755,4.291247084879462,0.0,7
1761810657485,8508210787143,ROT_VEC,0.21821585951732364,0.34222437081993534,-0.004300631039851205,0.5920287781912813,7
1761810657485,8508210787143,MAG,32.922414906177515,-23.524066894778482,-5.318686345221923,0.0,7
1761810657485,8508210787143,GYRO,-0.012734579483928695,-0.0797372481111656,0.025901661700262528,0.0,7
1761810657506,8508231167287,GYRO,-0.06815945592084537,-0.07189304107117658,0.0278270142483772,0.0,7
1761810657506,8508231167287,ROT_VEC,0.27114486205107086,-0.07811447439585616,0.48812982283564404,0.20517604005796414,7
1761810657506,8508231167287,MAG,-12.44269381551542,-11.842695388907412,-19.88526780852068,0.0,7
1761810657506,8508231167287,ACC,0.6156836790417219,8.039902812267165,6.088085427978712,0.0,7
1761810657526,8508251547431,ACC,-0.28075986313465007,9.529050245660041,6.0759637009442615,0.0,7
1761810657526,8508251547431,ROT_VEC,0.023729643460793138,-0.6985527026794718,-0.2701028745270102,0.636741758108327,7
1761810657526,8508251547431,GYRO,-0.025445830675569242,-0.08282505719034144,-0.01801657608972268,0.0,7
1761810657526,8508251547431,MAG,-13.002048670240752,-13.168509355997784,-9.664395069711684,0.0,7
1761810657547,8508271927575,ACC,-1.2904210838937968,9.720802133256926,3.7220566524007532,0.0,7
1761810657547,8508271927575,GYRO,0.01170996913604471,-0.11639952114719478,-0.020382946744552297,0.0,7
1761810657547,8508271927575,MAG,-1.333620484184895,-26.056141462568597,4.142676600665325,0.0,7
1761810657547,8508271927575,ROT_VEC,0.3117949599679637,0.32886741996945945,-0.14937348472537684,0.46795811492878314,7
1761810657567,8508292307718,ROT_VEC,0.10142716221682423,-0.13694710909948893,-0.3055836583689884,0.27415904327007984,7
1761810657567,8508292307718,ACC,-1.2008787118297268,6.823280469187559,5.765561251252219,0.0,7
1761810657567,8508292307718,GYRO,-0.019276354026123686,-0.10083315534172438,-0.007861887009312141,0.0,7
1761810657567,8508292307718,MAG,23.49895414314278,-33.07157762885988,-0.8897258548921534,0.0,7
1761810657587,8508312687862,MAG,-7.62723127867641,-37.11427753982312,-2.837098631848062,0.0,7
1761810657587,8508312687862,ACC,-1.1528365527836564,5.740876591685566,4.1517471632736855,0.0,7
1761810657587,8508312687862,ROT_VEC,0.3288717060985836,-0.5254007022824192,-0.3231079233265694,0.4805461877722221,7
1761810657587,8508312687862,GYRO,-0.06508932532376474,0.09779984623164453,0.00046126703134077716,0.0,7
1761810657608,8508333068006,MAG,36.89592676095314,-22.723350181994935,-11.005329184575757,0.0,7
1761810657608,8508333068006,ROT_VEC,0.1645454841462073,-0.28385906347700307,-0.5180451494604786,0.7266676344001326,7
1761810657608,8508333068006,GYRO,-0.029171429157246062,-0.22805750288967686,-0.032697776576920336,0.0,7
1761810657608,8508333068006,ACC,0.1411440064575965,8.570396178260413,3.9386369278044824,0.0,7
1761810657628,8508353448150,ACC,-2.109266717136,5.468754997902873,4.564748543564075,0.0,7
1761810657628,8508353448150,ROT_VEC,0.292170549264048,0.022793282610731908,0.9499630193708823,0.32244703493140997,7
1761810657628,8508353448150,GYRO,-0.04287172272962826,0.06673861342907036,0.0015129467315945378,0.0,7
1761810657628,8508353448150,MAG,33.10320770005128,-23.63745101877854,-5.459745026273243,0.0,7
1761810657649,8508373828293,MAG,4.431730597298575,-18.448878965286266,-10.895833989017765,0.0,7
1761810657649,8508373828293,ACC,-1.1065145476729745,6.0296041599137995,4.161185862370736,0.0,7
1761810657649,8508373828293,GYRO,-0.07290321922988811,-0.1503898060427886,0.03133820165265621,0.0,7
1761810657649,8508373828293,ROT_VEC,0.15849636384695678,-0.09822375339989789,0.9586788055490374,0.29064788408676395,7
1761810657669,8508394208437,MAG,23.26787244197118,-31.07417461552697,-19.270974889338156,0.0,7
1761810657669,8508394208437,ACC,-0.5500213300502586,7.6239482944980885,3.2683349991140167,0.0,7
1761810657669,8508394208437,GYRO,0.008586775459074044,0.04071249762456594,-0.0014139290041962817,0.0,7
1761810657669,8508394208437,ROT_VEC,0.24671207362098752,0.07461945435640119,-0.24858836686022034,0.19892785966689072,7
1761810657689,8508414588581,MAG,16.62399876853485,-19.062700749778088,2.9479493176528493,0.0,7
1761810657689,8508414588581,ACC,-0.9842364801467145,4.917453904908193,3.560220528213752,0.0,7
1761810657689,8508414588581,GYRO,-0.0024589680970702604,-0.08488648828831807,-0.010189279100403695,0.0,7
1761810657689,8508414588581,ROT_VEC,0.4535561367192522,-0.07931218789959221,-0.3639705413550641,0.39457857393197365,7
1761810657710,8508434968725,ACC,-0.6803046021371681,7.745631633314371,4.496908502490703,0.0,7
1761810657710,8508434968725,ROT_VEC,0.09250948151158667,-0.34598685943747143,-0.364280589365237,0.6114769589828415,7
1761810657710,8508434968725,GYRO,0.03069852356990698,-0.02579935009130316,0.009427538054645076,0.0,7
1761810657710,8508434968725,MAG,0.3361053132029649,-12.616474845965355,-7.571957981700734,0.0,7
1761810657730,8508455348868,ROT_VEC,0.2673411769520571,-0.5470983031469838,-0.7912157888011102,0.31183265792471704,7
1761810657730,8508455348868,GYRO,-0.03873134365341928,0.002807027396305054,-0.014984853148393734,0.0,7
1761810657730,8508455348868,ACC,-1.3138939082522199,7.23738912045016,6.757653089741849,0.0,7
1761810657730,8508455348868,MAG,21.416616888222894,-29.678714676807417,1.2276187493775284,0.0,7
1761810657750,8508475729012,ROT_VEC,0.2901022459537355,-0.14137378965467817,0.5229006304931377,0.33213345621896473,7
1761810657750,8508475729012,ACC,0.43279170607771655,8.36303276109302,3.5091831298474125,0.0,7
1761810657750,8508475729012,GYRO,0.014593653388036264,-0.10256585315711325,0.010802026365917585,0.0,7
1761810657750,8508475729012,MAG,-2.887513017993996,-28.72540407860083,-8.96055035258616,0.0,7
1761810657771,8508496109156,GYRO,-0.035856823578444025,0.08746538266342266,0.02605126803381023,0.0,7
1761810657771,8508496109156,MAG,2.270923593693561,-23.101093754806428,-19.05277852791156,0.0,7
1761810657771,8508496109156,ACC,-0.2357056547425212,9.30197824374717,4.300571836147517,0.0,7
1761810657771,8508496109156,ROT_VEC,0.3562952653616028,0.29855006542912027,-0.49072654610317956,0.5014201691831097,7
1761810657791,8508516489300,MAG,22.965460454445733,-43.69503142617853,-9.329364230427183,0.0,7
1761810657791,8508516489300,ROT_VEC,0.21289027854488046,-0.3011589434311071,0.4837666220913911,0.18924768657149402,7
1761810657791,8508516489300,ACC,0.22016664940609545,6.483863082526433,6.097989223533298,0.0,7
1761810657791,8508516489300,GYRO,-0.039577705514486305,0.18489612211721054,0.0010197694942348252,0.0,7
1761810657812,8508536869443,MAG,34.523694405733956,-30.5776935505551,-16.998083154308105,0.0,7
1761810657812,8508536869443,ACC,-1.817996239568191,5.627201166796608,5.10531825893172,0.0,7
1761810657812,8508536869443,ROT_VEC,0.08795988956863951,-0.22835326321228516,0.45822603161458997,0.6909767535777144,7
1761810657812,8508536869443,GYRO,-0.0622308566848674,-0.16655193438098498,-0.007362324132692216,0.0,7
1761810657832,8508557249587,GYRO,-0.0019288187673464547,0.04039807411112027,0.04847826917839917,0.0,7
1761810657832,8508557249587,MAG,22.958095606176453,-34.9027938421123,-11.27719739534151,0.0,7
1761810657832,8508557249587,ROT_VEC,0.33504619577955164,-0.2762117364440438,-0.015373064784583154,0.38129868836414277,7
1761810657832,8508557249587,ACC,-0.7186711214577359,9.337802453323503,5.412533733934906,0.0,7
1761810657852,8508577629731,MAG,21.10587746407776,-29.588849851033608,-10.180811134327165,0.0,7
1761810657852,8508577629731,ACC,-0.6171336139961241,9.796246676787018,4.2292658866416675,0.0,7
1761810657852,8508577629731,GYRO,0.0680002516481261,-0.09609587669389869,0.03432234287156945,0.0,7
1761810657852,8508577629731,ROT_VEC,0.24485669346936806,-0.021266588208340126,-0.34961653190503866,0.4173056100306931,7
1761810657873,8508598009875,ROT_VEC,0.10201175371693534,0.11343954369031409,0.05228774938550568,0.6897522272444382,7
1761810657873,8508598009875,ACC,-1.0745448342399142,7.951789061595296,4.724941202812102,0.0,7
1761810657873,8508598009875,GYRO,-0.08922496580820623,0.061814130494585326,-0.0026636917069152444,0.0,7
1761810657873,8508598009875,MAG,19.650731328325797,-29.88367536378231,-7.834974239114528,0.0,7
1761810657893,8508618390018,MAG,-3.99064169855095,-28.064876450079662,-15.773861128924644,0.0,7
1761810657893,8508618390018,ACC,-1.3301396039682107,7.221012847384453,4.490319962865065,0.0,7
1761810657893,8508618390018,GYRO,-0.03736294580609907,0.162741205764788,0.017932091165092222,0.0,7
1761810657893,8508618390018,ROT_VEC,0.31364613256009954,-0.03979392209596941,-0.5715566028089095,0.6788174353436556,7
1761810657913,8508638770162,ACC,-0.1319751272287073,7.559931170956379,4.458730828674868,0.0,7
1761810657913,8508638770162,MAG,-0.8816037121403784,-16.31326074305777,-18.17111621477158,0.0,7
1761810657913,8508638770162,GYRO,0.005838116180113272,-0.14134766715373037,0.0011991779828230734,0.0,7
1761810657913,8508638770162,ROT_VEC,0.35225182149410866,0.08780980874994948,-0.823021347358796,0.4765309511493603,7
1761810657934,8508659150306,ACC,-2.2030809233160533,7.669757493317838,4.087022547485839,0.0,7
1761810657934,8508659150306,MAG,32.53060324533552,-22.505813511431978,-4.052848312848571,0.0,7
1761810657934,8508659150306,GYRO,-0.04398581653547266,0.06624376623891914,0.003007737852835475,0.0,7
1761810657934,8508659150306,ROT_VEC,0.22645670003645665,0.30890162395056686,0.11361379415015146,0.39630561823969424,7
1761810657954,8508679530450,ACC,-2.1783640409395644,8.532934287843275,4.839283674094712,0.0,7
1761810657954,8508679530450,GYRO,-0.10902582367145255,-0.035414257045969275,0.0015273363554298548,0.0,7
1761810657954,8508679530450,ROT_VEC,0.23645328133748358,0.48060691398834854,0.21041756204599274,0.5341233778277166,7
1761810657954,8508679530450,MAG,26.799146783375654,-35.13734948737641,-7.733057819709951,0.0,7
1761810657975,8508699910594,ROT_VEC,0.21452010056444565,0.1253796232611099,-0.32684294008150394,0.12851193820789822,7
1761810657975,8508699910594,ACC,-1.2260789988616767,10.156705165390223,3.4702683381371164,0.0,7
1761810657975,8508699910594,GYRO,0.024573176521449504,-0.00467731334744121,-0.034013098433524215,0.0,7
1761810657975,8508699910594,MAG,11.466793671424519,-48.24422570145884,-5.806922696930481,0.0,7
1761810657995,8508720290737,GYRO,-0.02405058474748485,0.11275643319352568,0.024869044701649575,0.0,7
1761810657995,8508720290737,ROT_VEC,0.20534072661340325,-0.5223062964050893,-0.4916392718819605,0.6471913059569294,7
1761810657995,8508720290737,MAG,21.239011992290017,-31.94404254466792,-21.213450251523785,0.0,7
1761810657995,8508720290737,ACC,-1.0911264823899507,7.104243947226307,4.706680099750469,0.0,7
1761810658015,8508740670881,ACC,-0.3734162812280415,5.736263829379604,4.860608462008662,0.0,7
1761810658015,8508740670881,GYRO,0.06448189945402964,-0.00399778713613083,0.010349232919336288,0.0,7
1761810658015,8508740670881,ROT_VEC,0.07154308139334394,0.050630719457147616,1.3089330300597686,0.11785009843643522,7
1761810658015,8508740670881,MAG,15.753226587222578,-26.66099494947863,-14.244442164148158,0.0,7
1761810658036,8508761051025,MAG,35.67219798101344,-43.56243546014306,3.9926760446581584,0.0,7
1761810658036,8508761051025,GYRO,0.017766006149372928,-0.07151255222228614,0.0013571782645136234,0.0,7
1761810658036,8508761051025,ROT_VEC,0.2894449615512007,0.28528724937658917,0.060107891117385,0.6454344391141388,7
1761810658036,8508761051025,ACC,-1.114694314483955,9.277765185962586,5.2848866745610135,0.0,7
1761810658056,8508781431169,GYRO,-0.04185902977046775,-0.03189332183403522,0.007118684961721315,0.0,7
1761810658056,8508781431169,MAG,15.842441319800924,-6.770795532820834,-16.89753164612795,0.0,7
1761810658056,8508781431169,ROT_VEC,0.25315193413754594,0.6931466752609013,2.0056719666269025,0.6679653022689679,7
1761810658056,8508781431169,ACC,-1.6849750803533152,8.886157330076914,5.0865565683679295,0.0,7
1761810658076,8508801811312,ROT_VEC,0.12288407505062636,0.6580933114703872,0.7337140648883653,0.22282137624278098,7
1761810658076,8508801811312,MAG,14.305607078866174,-39.41540899853091,-18.15304430690762,0.0,7
1761810658076,8508801811312,ACC,-1.2195426451168414,8.778738658700732,5.73369461442067,0.0,7
1761810658076,8508801811312,GYRO,-0.0017072730586460685,-0.015734293752109968,-0.00042092096671006874,0.0,7
1761810658097,8508822191456,MAG,23.43652511585045,-44.631433568532046,-16.979951714727605,0.0,7
1761810658097,8508822191456,GYRO,0.04057785882969851,-0.0723881012623486,-0.008440029293432277,0.0,7
1761810658097,8508822191456,ACC,-1.529116827826241,8.101072679015303,6.430631207769207,0.0,7
1761810658097,8508822191456,ROT_VEC,0.2581951685150584,0.6764578560730634,-0.36332487382646417,0.8535756408249997,7
1761810658117,8508842571600,ACC,-0.7382033997242784,9.453431705829209,2.5922986687549305,0.0,7
1761810658117,8508842571600,ROT_VEC,0.24694506876879793,0.12006380845063941,0.4708386092932891,0.6356685022640954,7
1761810658117,8508842571600,MAG,15.635375177085642,-23.521286216411184,-15.05444011943975,0.0,7
1761810658117,8508842571600,GYRO,0.018616543525645308,-0.05347509320194842,-0.02456033134418507,0.0,7
1761810658138,8508862951744,GYRO,-0.012069138135795325,0.027485710261353116,0.0031613043285801806,0.0,7
1761810658138,8508862951744,MAG,3.0872821318163246,-35.86492970085601,-2.390492964370286,0.0,7
1761810658138,8508862951744,ROT_VEC,0.4530178277874531,-0.5474690672101269,-0.03803309661009558,0.22137644772464846,7
1761810658138,8508862951744,ACC,-1.0039351027577985,5.995635056866899,6.039589402492121,0.0,7
1761810658158,8508883331887,ROT_VEC,0.2759513040767807,-0.015382345159239766,-0.4729748225875571,0.563152575346931,7
1761810658158,8508883331887,ACC,-0.4377589212382676,6.799383110924201,6.103324463789972,0.0,7
1761810658158,8508883331887,GYRO,-0.0018960108588512961,-0.12873402618517082,0.028195889090984933,0.0,7
1761810658158,8508883331887,MAG,37.04007153512504,-22.414435864668988,-22.32247745899518,0.0,7
1761810658178,8508903712031,GYRO,0.021546473281618007,-0.1706667253829664,0.005468693998624589,0.0,7
1761810658178,8508903712031,MAG,5.3104694158046755,-35.857746879439105,-7.321567154109199,0.0,7
1761810658178,8508903712031,ROT_VEC,0.17736432793068316,-0.9164712471266098,0.10398394503421161,0.4929718428283234,7
1761810658178,8508903712031,ACC,-1.1797522948520842,7.289000700163318,7.755464390610641,0.0,7
1761810658199,8508924092175,ACC,-0.5811567457286344,7.145150294492518,6.888409831990287,0.0,7
1761810658199,8508924092175,MAG,18.403740418990786,-27.070264968984727,-3.4118509546777407,0.0,7
1761810658199,8508924092175,GYRO,0.006569316610819821,-0.32475270677920937,-0.0021285530891395083,0.0,7
1761810658199,8508924092175,ROT_VEC,0.3357203581418317,0.30653091630445933,-0.7690728608700893,0.3717752726620575,7
1761810658219,8508944472319,ROT_VEC,0.22541017073796865,-0.2570160260884509,0.3307420153418683,0.5294298914636064,7
1761810658219,8508944472319,MAG,31.43524208548199,-32.59364820104031,3.2961230616376245,0.0,7
1761810658219,8508944472319,ACC,-1.2854311252692612,10.721899422951388,5.031982549044397,0.0,7
1761810658219,8508944472319,GYRO,-0.060571009539355236,-0.040755185501765226,0.0005763665961553576,0.0,7
1761810658240,8508964852462,ROT_VEC,0.24880656846611202,0.19846365209407416,0.5679611168808923,0.5147121558116018,7
1761810658240,8508964852462,MAG,27.790715137067348,-54.76417231089646,-23.75666822805769,0.0,7
1761810658240,8508964852462,ACC,-0.9760355262209299,7.460216591516871,5.956628838650056,0.0,7
1761810658240,8508964852462,GYRO,-0.06768440298470382,-0.00889369907139547,0.026414297816188807,0.0,7
1761810658260,8508985232606,MAG,28.48782621505287,-29.938949872691502,-2.914748418005459,0.0,7
1761810658260,8508985232606,GYRO,-0.0846581153899474,0.03973511548094001,-0.025551983328429118,0.0,7
1761810658260,8508985232606,ROT_VEC,0.19879563260821792,0.30487520030588006,-0.40378499024417236,0.48719324548285176,7
1761810658260,8508985232606,ACC,-0.13633791357645966,7.1303202874960085,5.884712329316392,0.0,7
1761810658280,8509005612750,MAG,32.494918420272626,-50.897368351050055,-6.826968062452121,0.0,7
1761810658280,8509005612750,GYRO,-0.023581949923449058,-0.13010694379803345,0.00871591612132784,0.0,7
1761810658280,8509005612750,ACC,-0.7735315255169356,8.397453949091565,5.173827104696156,0.0,7
1761810658280,8509005612750,ROT_VEC,0.31113474125261353,0.11504443740557777,0.017333065388613095,0.5143804365222362,7
1761810658301,8509025992894,GYRO,-0.05094340839649324,-0.32463505739274656,0.03070220096371546,0.0,7
1761810658301,8509025992894,MAG,12.145911167546034,-28.429089607592342,-9.292120568183874,0.0,7
1761810658301,8509025992894,ACC,-2.2556081533387466,9.885298560833347,5.108922699886281,0.0,7
1761810658301,8509025992894,ROT_VEC,0.15166956209898244,0.0038758673853862037,-0.7754483451427114,0.18437799453556078,7
1761810658321,8509046373037,MAG,6.580223030314235,-35.899855472069156,-9.692465683604716,0.0,7
1761810658321,8509046373037,GYRO,-0.07023882385955772,-0.08740583832805571,-0.001710915010090202,0.0,7
1761810658321,8509046373037,ACC,-0.645656165127834,9.065037024625093,4.339178824551175,0.0,7
1761810658321,8509046373037,ROT_VEC,0.1429904256127888,-0.05947572069728364,-0.08945199236921383,0.6868228297062875,7
1761810658341,8509066753181,MAG,23.537713514878654,-40.2896046403303,-6.635275254560222,0.0,7
1761810658341,8509066753181,ACC,-0.6439326224769542,5.965563949226612,4.110571430303486,0.0,7
1761810658341,8509066753181,GYRO,0.013736002255325942,-0.021716047448972042,-0.007731427403198752,0.0,7
1761810658341,8509066753181,ROT_VEC,0.2590128469058961,-0.08457341250337283,-0.017832865016693733,0.29856670808825275,7
1761810658362,8509087133325,ROT_VEC,0.23677978158890733,-0.0780989881167184,-1.2449479995507404,0.43120025662985445,7
1761810658362,8509087133325,MAG,2.7963534971485275,-32.128456412733286,-19.54250056522804,0.0,7
1761810658362,8509087133325,GYRO,0.003959106096877172,-0.01453518580479118,0.008479704810902627,0.0,7
1761810658362,8509087133325,ACC,0.3369129200176833,6.808641926428294,5.837533750163975,0.0,7
1761810658382,8509107513469,ACC,-0.6797230207274746,8.198273071075675,5.820536923727276,0.0,7
1761810658382,8509107513469,MAG,14.672483462669334,-30.548774066559975,-27.012558925161837,0.0,7
1761810658382,8509107513469,GYRO,0.0014556898024622256,-0.2247713573407055,0.041756132906084,0.0,7
1761810658382,8509107513469,ROT_VEC,0.29625380157895126,-0.20415073887625348,-1.2118091566092724,0.4209327889506554,7
1761810658403,8509127893612,GYRO,-0.028053506286156365,-0.0351146580637067,-0.0021072887433930846,0.0,7
1761810658403,8509127893612,ROT_VEC,0.1404459182861219,0.06173890377714171,1.0952123962763212,0.37752363145806794,7
1761810658403,8509127893612,ACC,-2.1969969268879446,7.8253252571864245,3.7133200454802653,0.0,7
1761810658403,8509127893612,MAG,24.147266574068887,-31.311919184079382,-19.476594582227293,0.0,7
1761810658423,8509148273756,MAG,46.324300324682646,-58.94769037929622,-18.37048019355912,0.0,7
1761810658423,8509148273756,GYRO,0.042194522801536856,-0.04909026398827586,0.017011587054928425,0.0,7
1761810658423,8509148273756,ROT_VEC,0.23987726384916847,0.22429545818566504,-1.385339661805807,0.18248399367607476,7
1761810658423,8509148273756,ACC,-1.8934524796342154,8.553422009838773,4.57327862960501,0.0,7
1761810658443,8509168653900,GYRO,-0.07585358393520258,0.0013098497787334268,0.00534480966548312,0.0,7
1761810658443,8509168653900,ACC,-0.25992199444552355,6.788221265036404,3.2455078966068998,0.0,7
1761810658443,8509168653900,MAG,2.820169644408577,-48.52426583467142,-16.867484191138985,0.0,7
1761810658443,8509168653900,ROT_VEC,0.29689584353229137,0.08688950366027141,-0.049263126512171,0.18217893573416324,7
1761810658464,8509189034044,ACC,-1.0701048523016359,6.420149613432293,4.96797486496039,0.0,7
1761810658464,8509189034044,ROT_VEC,0.3721322346943502,-0.5658923679090162,0.5328811095104232,0.413822005648001,7
1761810658464,8509189034044,GYRO,-0.03189060905834528,0.06014484727414959,-0.0036961503193234796,0.0,7
1761810658464,8509189034044,MAG,19.01585689255611,-45.71338548377091,-17.826519820135324,0.0,7
1761810658484,8509209414188,ACC,-0.7418499900958047,8.787000501226894,5.480270507535904,0.0,7
1761810658484,8509209414188,ROT_VEC,0.21521897847899502,-0.14000546321010127,-0.2988416122716816,0.3470341699520783,7
1761810658484,8509209414188,GYRO,0.12348952674216858,0.049633815710005996,0.020285316478114813,0.0,7
1761810658484,8509209414188,MAG,-4.174264858640672,-9.141862901444346,-27.301778621732154,0.0,7
1761810658504,8509229794331,GYRO,0.007720530394611607,0.03285358909807519,-0.023839056399464504,0.0,7
1761810658504,8509229794331,ACC,-0.9867209263040948,6.630910416072804,4.494121249805175,0.0,7
1761810658504,8509229794331,ROT_VEC,0.2878534725595038,-0.3375763485040685,0.5970392900612629,0.40452028265919426,7
1761810658504,8509229794331,MAG,46.23777403020049,-40.041214058830306,-15.386683592232611,0.0,7
1761810658525,8509250174475,MAG,26.071426551169488,-18.47183141916172,-20.783486936913533,0.0,7
1761810658525,8509250174475,ROT_VEC,0.2493341353429843,0.05014467310278205,0.1996743544750705,0.48295544353227315,7
1761810658525,8509250174475,GYRO,0.04233034749585241,-0.18380421122183985,-0.018974985762205278,0.0,7
1761810658525,8509250174475,ACC,-0.7800296508106169,7.1232091765130185,4.722813961458639,0.0,7
1761810658545,8509270554619,ROT_VEC,0.21917620033851426,-0.376292596609319,0.5793337463591485,0.539636977483026,7
1761810658545,8509270554619,GYRO,0.0030931337483778073,-0.08830856313202147,-0.009375712771558157,0.0,7
1761810658545,8509270554619,MAG,22.528870816092116,-29.635664100052942,-10.451782798941274,0.0,7
1761810658545,8509270554619,ACC,-1.3885332284284204,7.4117086477282905,5.5027042667219614,0.0,7
1761810658566,8509290934763,GYRO,-0.007581458519869253,0.08860514227452762,-0.003510360955100623,0.0,7
1761810658566,8509290934763,MAG,-8.680223386455244,-34.023628526074496,-18.718523179154683,0.0,7
1761810658566,8509290934763,ACC,-0.6204404091411779,9.532826468516776,5.15654980605036,0.0,7
1761810658566,8509290934763,ROT_VEC,0.24224632473205068,-0.32237249160849774,-0.1442494107593611,0.43626036927291617,7
1761810658586,8509311314906,GYRO,0.032665013116458995,-0.05649326457895508,-0.001498402764045569,0.0,7
1761810658586,8509311314906,ROT_VEC,0.2603901724502191,0.14251552792481065,-0.03187255045286276,0.39675998331710943,7
1761810658586,8509311314906,ACC,-0.8732733887362019,7.806573286886463,6.059026838514585,0.0,7
1761810658586,8509311314906,MAG,21.005066087061373,-34.804860769233215,-18.821116758814252,0.0,7
1761810658606,8509331695050,GYRO,0.004190236287591733,0.04801098949056517,-0.02361577360440478,0.0,7
1761810658606,8509331695050,ROT_VEC,0.21274457879563521,-0.14463592940516526,0.9051711612524355,0.5702391662856764,7
1761810658606,8509331695050,MAG,-6.885633930381899,-18.71477980001897,-15.307757676832674,0.0,7
1761810658606,8509331695050,ACC,-0.5938367321871704,8.084527092097263,6.300289636887428,0.0,7
1761810658627,8509352075194,MAG,30.175270616658487,-32.88854558531836,-12.135725699483576,0.0,7
1761810658627,8509352075194,ACC,-0.9912732065756059,8.482128775380147,4.293450358549022,0.0,7
1761810658627,8509352075194,GYRO,0.03240273514457487,0.006562097907207845,0.004791784956739231,0.0,7
1761810658627,8509352075194,ROT_VEC,0.2349165547268499,-0.34083292097867557,-0.8874351320328182,0.5363855816699323,7
1761810659012,8509737133082,ACC,-0.0008269765155707395,0.05385391367364289,0.039201500759176756,0.0,
1761810659012,8509737133082,MAG,0.01287903136690421,0.0033492094270577005,0.0028586466294525355,0.0,
1761810659012,8509737133082,GYRO,-0.10457987537280247,0.13262418481254942,-0.10607889057216924,0.0,
1761810659012,8509737133082,ROT_VEC,0.08535478688982973,-0.06528443750746586,0.060462022428223405,0.0,
